1.08 0.00010912902130131888
1.085 0.0004936374150381556
1.09 0.0010720221796731814
1.095 0.0018327003180577653
1.1 0.0027769198187539462
1.105 0.003910630592130248
1.11 0.005242082689699016
1.115 0.006780782342143639
1.12 0.008536917097621702
1.125 0.010520975353585867
1.1300000000000001 0.012743454413906275
1.135 0.01521461024876208
1.1400000000000001 0.017944226424393535
1.145 0.020941390994964323
1.1500000000000001 0.02421427603182118
1.155 0.027769917846906852
1.1600000000000001 0.03161399810743811
1.165 0.03575062751524939
1.1700000000000002 0.04018213481111801
1.175 0.04490886469291192
1.1800000000000002 0.04992898886540355
1.185 0.05523833489017048
1.1900000000000002 0.06083023777756919
1.195 0.06669541935126432
1.2000000000000002 0.07282190030825536
1.205 0.07919494958416723
1.21 0.08579707511015486
1.215 0.09260805931667779
1.22 0.0996050418124259
1.225 0.10676265056567262
1.23 0.11405318167268542
1.232 0.11700000000000002
1.235 0.12144682645565608
1.24 0.12891194324158858
1.245 0.1364153697905931
1.25 0.14392277102726206
1.2550000000000001 0.1513990155425617
1.26 0.158808573332513
1.2650000000000001 0.1661159264733166
1.27 0.1732859839394395
1.2750000000000001 0.1802844915773793
1.28 0.18707842836436137
1.2850000000000001 0.19363638050338075
1.29 0.19992888561370306
1.2950000000000002 0.2059287402351228
1.3 0.21161126502908043
1.3050000000000002 0.21695452337566173
1.31 0.22193949047281633
1.3150000000000002 0.22655017148153714
1.32 0.23077366866905905
1.3250000000000002 0.2346001988273714
1.33 0.23802306344030144
1.3350000000000002 0.24103857510282406
1.34 0.24364594453536073
1.345 0.2458471331693512
1.35 0.24764667670438573
1.355 0.2490514852577857
1.36 0.25007062575864575
1.365 0.25071509210071424
1.37 0.2509975682870796
1.375 0.25093218940220785
1.3800000000000001 0.2505343047621768
1.385 0.24982024704993333
1.3900000000000001 0.24880711066544642
1.395 0.2475125419341596
1.4000000000000001 0.24595454324139457
1.405 0.24415129261180532
1.4100000000000001 0.24212097974435684
1.415 0.23988165905378012
1.4200000000000002 0.23745111986476966
1.425 0.23484677355822492
1.4300000000000002 0.23208555717988433
1.435 0.22918385278912726
1.4400000000000002 0.22615742164618474
1.445 0.22302135220522104
1.4500000000000002 0.2197900207935696
1.455 0.21647706380833429
1.4600000000000002 0.2130953602450286
1.465 0.2096570233834336
1.47 0.20617340048815086
1.475 0.2026550794307243
1.48 0.19911190120223185
1.485 0.19555297735623028
1.49 0.19198671149851668
1.495 0.1884208240195848
1.5 0.1848623793456918
1.5050000000000001 0.1813178150631982
1.51 0.1777929723469697
1.5150000000000001 0.17429312719599838
1.52 0.17082302204734337
1.5250000000000001 0.1673868974024241
1.53 0.16398852315745088
1.5350000000000001 0.1606312293821576
1.54 0.15731793633813512
1.5450000000000002 0.15405118357003478
1.55 0.15083315793999752
1.5550000000000002 0.14766572050811788
1.56 0.14455043218992572
1.5650000000000002 0.1414885781460668
1.57 0.13848119087998925
1.5750000000000002 0.13552907203678413
1.58 0.13263281291078158
1.5850000000000002 0.12979281368135834
1.59 0.12700930140598032
1.595 0.12428234680708701
1.6 0.12161187989526501
1.605 0.11899770447549851
1.61 0.11643951158636132
1.615 0.11393689192399588
1.62 0.11148934730379392
1.625 0.10909630121301746
1.6300000000000001 0.10675710850728592
1.635 0.10447106430304572
1.6400000000000001 0.10223741211692222
1.645 0.10005535130132963
1.6500000000000001 0.09792404382393992
1.655 0.09584262043667004
1.6600000000000001 0.09381018627778562
1.665 0.09182582594857558
1.6700000000000002 0.0898886081038725
1.675 0.08799758959351835
1.6800000000000002 0.08615181918969549
1.685 0.08435034093292886
1.6900000000000002 0.08259219712748116
1.695 0.0808764310148642
1.7000000000000002 0.07920208915225115
1.705 0.07756822352073392
1.7100000000000002 0.075973893386598
1.715 0.0744181669371231
1.7200000000000002 0.07290012271082456
1.725 0.07141885084056493
1.73 0.06997345412655336
1.735 0.06856304895493634
1.74 0.06718676607644372
1.745 0.06584375125840537
1.75 0.06453316582237516
1.7550000000000001 0.06325418707859681
1.76 0.062006008667620155
1.7650000000000001 0.06078784081850661
1.77 0.05959891053226901
1.7750000000000001 0.05843846169844551
1.78 0.05730575515202518
1.7850000000000001 0.056200068677311726
1.79 0.05512069696472724
1.7950000000000002 0.05406695152602209
1.8 0.05303816057286404
1.8050000000000002 0.05203366886332257
1.81 0.05105283752035049
1.8150000000000002 0.050095043825978416
1.82 0.04915968099458936
1.8250000000000002 0.04824615792831617
1.83 0.04735389895731176
1.8350000000000002 0.046482343567370216
1.84 0.045630946117132476
1.8450000000000002 0.04479917554688279
1.85 0.04398651508073796
1.855 0.04319246192384272
1.86 0.042416526956014555
1.865 0.041658234423124385
1.87 0.0409171216273579
1.875 0.0401927386173752
1.8800000000000001 0.03948464787926543
1.885 0.03879242402909183
1.8900000000000001 0.03811565350772037
1.895 0.03745393427854382
1.9000000000000001 0.036806875528628
1.905 0.03617409737374107
1.9100000000000001 0.035555230567656575
1.915 0.03494991621606776
1.9200000000000002 0.034357805495393925
1.925 0.033778559376715346
1.9300000000000002 0.033211848355028176
1.935 0.03265735218397575
1.9400000000000002 0.03211475961617461
1.945 0.03158376814922695
1.9500000000000002 0.031064083777480954
1.955 0.03055542074957822
1.9600000000000002 0.03005750133180433
1.965 0.029570055577241225
1.9700000000000002 0.02909282110070141
1.975 0.028625542859411025
1.98 0.02816797293939393
1.985 0.02771987034749975
1.99 0.027281000809007028
1.995 0.026851136570725267
2 0.026430056209512557
2.005 0.026017544446118375
2.0100000000000002 0.025613391964257094
2.015 0.025217395234812905
2.02 0.024829356345072776
2.025 0.024449082832883325
2.0300000000000002 0.024076387525622862
2.035 0.023711088383880422
2.04 0.023353008349730624
2.045 0.023001975199495327
2.0500000000000003 0.022657821400879633
2.055 0.022320383974372564
2.06 0.021989504358801888
2.065 0.02166502828093394
2.0700000000000003 0.02134680562900981
2.075 0.02103469033011101
2.08 0.020728540231248562
