1 0
1.02 0
1.04 0
1.06 0
1.08 0.00017270373935212387
1.1 0.003972018834804474
1.12 0.011118565490907088
1.1400000000000001 0.021492092550649794
1.16 0.03526402156427613
1.18 0.05267711917358865
1.2 0.07400466420058932
1.22 0.09953703091759462
1.232 0.11700000000000005
1.24 0.12957622140175248
1.26 0.1644333892214254
1.28 0.20442767358230904
1.3 0.24988566716562555
1.32 0.30114121145881145
1.34 0.3585353688764633
1.3599999999999999 0.42241649270325515
1.38 0.4931403514814957
1.4 0.5710702831668905
1.42 0.6565773646634575
1.44 0.7500405882197809
1.46 0.8518470396198691
1.48 0.9623920751774332
1.5 1.0820794958123494
1.52 1.2113217172739699
1.54 1.3505399360647248
1.56 1.500164290921031
1.58 1.6606340198946745
1.6 1.832397613189298
1.62 2.015912961969821
1.6400000000000001 2.21164750339519
1.6600000000000001 2.4200783621373683
1.6800000000000002 2.6416924886497553
1.7000000000000002 2.8769867944405845
1.72 3.126468284594863
1.74 3.3906541877737686
1.76 3.6700720839045786
1.78 3.965260029758571
1.8 4.276766682598237
1.82 4.6051514220605325
1.8399999999999999 4.950984470428375
1.8599999999999999 5.314847011429643
1.88 5.6973313076904635
1.9 6.0990408169584
1.92 6.520590307200825
1.94 6.962605970674161
1.96 7.425725537051265
1.98 7.9105983856862165
2 8.417885657088684
2.02 8.948260363673711
2.04 9.502407499846683
2.06 10.081024151478072
2.08 10.684819604817557
2.1 11.314515454893076
2.12 11.97084571343594
2.14 12.654556916369861
2.16 13.366408230898577
2.1799999999999997 14.10717156222298
2.2 14.877631659917693
2.2199999999999998 15.67858622399205
2.24 16.51084601066112
2.26 17.37523493784756
2.2800000000000002 18.27259019043582
2.3 19.20376232529618
2.3200000000000003 20.169615376096836
2.34 21.171026957918585
2.3600000000000003 22.20888837168784
2.38 23.284104708439713
2.4000000000000004 24.397594953425184
2.42 25.550292090071732
2.44 26.74314320380951
2.46 27.977109585771277
2.48 29.25316683637576
2.5 30.572304968802236
2.52 31.935528512364016
2.54 33.343856615787374
2.56 34.7983231504033
2.58 36.299976813256386
2.6 37.84988123013875
2.62 39.44911505855115
2.64 41.09877209059893
2.66 42.799961355825005
2.6799999999999997 44.553807223985096
2.7 46.361449507768775
2.7199999999999998 48.224043565468904
2.74 50.14276040360526
2.76 52.11878677950161
2.7800000000000002 54.15332530382282
2.8 56.247594543071706
2.8200000000000003 58.40282912205011
2.84 60.62027982628512
2.8600000000000003 62.90121370442321
2.88 65.2469141705942
2.9000000000000004 67.65868110674711
2.92 70.13783096495843
2.94 72.68569686971642
2.96 75.30362872018104
2.98 77.99299329242217
3 80.75517434163687
