1, 0
1.001, 0
1.002, 0
1.003, 0
1.004, 0
1.005, 0
1.006, 0
1.007, 0
1.008, 0
1.009, 0
1.01, 0
1.011, 0
1.012, 0
1.013, 0
1.014, 0
1.015, 0
1.016, 0
1.017, 0
1.018, 0
1.019, 0
1.02, 0
1.021, 0
1.022, 0
1.023, 0
1.024, 0
1.025, 0
1.026, 0
1.027, 0
1.028, 0
1.029, 0
1.03, 0
1.031, 0
1.032, 0
1.033, 0
1.034, 0
1.035, 0
1.036, 0
1.037, 0
1.038, 0
1.039, 0
1.04, 0
1.041, 0
1.042, 0
1.043, 0
1.044, 0
1.045, 0
1.046, 0
1.047, 0
1.048, 0
1.049, 0
1.05, 0
1.051, 0
1.052, 0
1.053, 0
1.054, 0
1.055, 0
1.056, 0
1.057, 0
1.058, 0
1.059, 0
1.06, 0
1.061, 0
1.062, 0
1.063, 0
1.064, 0
1.065, 0
1.066, 0
1.067, 0
1.068, 0
1.069, 0
1.07, 0
1.071, 0
1.072, 0
1.073, 0
1.074, 0
1.075, 0
1.076, 0
1.077, 0
1.078, 2.0277908476753375e-06
1.079, 4.0595911684937545e-05
1.08, 0.00010382784057835973
1.081, 0.00018475091775724508
1.082, 0.0002805418375250373
1.083, 0.00038956398929616056
1.084, 0.0005107284813223018
1.085, 0.000643252839048183
1.086, 0.0007865462346976088
1.087, 0.0009401469145931
1.088, 0.0011036847954338366
1.089, 0.0012768575606006997
1.09, 0.001459414585753249
1.091, 0.0016511456858959168
1.092, 0.0018518729767342012
1.093, 0.002061444827443554
1.094, 0.002279731264154328
1.095, 0.0025066204076741364
1.096, 0.002742015666054332
1.097, 0.0029858334894171177
1.098, 0.0032380015511336807
1.099, 0.0034984572574239215
1.1, 0.0037671465135226947
1.101, 0.004044022692802559
1.102, 0.0043290457682783395
1.103, 0.004622181575366854
1.104, 0.004923401181736002
1.105, 0.005232680345275117
1.106, 0.0055499990451487995
1.107, 0.005875341073899671
1.108, 0.0062086936808881735
1.109, 0.006550047259170122
1.11, 0.006899395069341001
1.111, 0.00725673299500443
1.112, 0.00762205932543473
1.113, 0.007995374561730013
1.114, 0.00837668124334802
1.115, 0.008765983792399365
1.116, 0.009163288373472175
1.117, 0.009568602767092333
1.118, 0.009981936255192381
1.119, 0.01040329951719547
1.12, 0.010832704535510168
1.121, 0.011270164509389566
1.1219999999999999, 0.011715693776252915
1.123, 0.012169307739675915
1.124, 0.012631022803357416
1.125, 0.01310085631045958
1.126, 0.013578826487781573
1.127, 0.01406495239430159
1.1280000000000001, 0.0145592538736638
1.129, 0.015061751510246867
1.13, 0.01557246658847873
1.131, 0.016091421055109946
1.1320000000000001, 0.016618637484177187
1.133, 0.017154139044431416
1.134, 0.017697949469009693
1.135, 0.018250093027171167
1.1360000000000001, 0.018810594497919827
1.137, 0.01937947914536504
1.138, 0.019956772695677413
1.139, 0.020542501315518377
1.1400000000000001, 0.021136691591824224
1.141, 0.021739370512845305
1.142, 0.02235056545034452
1.143, 0.02297030414286998
1.1440000000000001, 0.023598614680020353
1.145, 0.02423552548763645
1.146, 0.02488106531384942
1.147, 0.025535263215927348
1.148, 0.026198148547863613
1.149, 0.026869750948660422
1.15, 0.02755010033125458
1.151, 0.02823922687204834
1.152, 0.02893716100100428
1.153, 0.029643933392265353
1.154, 0.030359574955269242
1.155, 0.031084116826327033
1.156, 0.03181759036063045
1.157, 0.032560027124672805
1.158, 0.03331145888904486
1.159, 0.03407191762159644
1.16, 0.034841435480930015
1.161, 0.035620044810217306
1.162, 0.03640777813131028
1.163, 0.037204668139140765
1.164, 0.038010747696379146
1.165, 0.03882604982834986
1.166, 0.03965060771818114
1.167, 0.04048445470218158
1.168, 0.04132762426542345
1.169, 0.04218015003753561
1.17, 0.04304206578867419
1.171, 0.043913405425686156
1.172, 0.044794202988431425
1.173, 0.04568449264627555
1.174, 0.046584308694729584
1.175, 0.04749368555223965
1.176, 0.048412657757110344
1.177, 0.04934125996456449
1.178, 0.0502795269439231
1.179, 0.05122749357590547
1.18, 0.05218519485004395
1.181, 0.05315266586220351
1.182, 0.054129941812203625
1.183, 0.05511705800154135
1.184, 0.05611404983120091
1.185, 0.0571209527995583
1.186, 0.058137802500365536
1.187, 0.05916463462081866
1.188, 0.060201484939699866
1.189, 0.06124838932559609
1.19, 0.06230538373518442
1.191, 0.06337250421158849
1.192, 0.0644497868827939
1.193, 0.06553726796013151
1.194, 0.0666349837368118
1.195, 0.06774297058652233
1.196, 0.06886126496207358
1.197, 0.06998990339410018
1.198, 0.07112892248980836
1.199, 0.0722783589317727
1.2, 0.07343824947677656
1.201, 0.07460863095469829
1.202, 0.07578954026743485
1.203, 0.07698101438787082
1.204, 0.07818309035887983
1.205, 0.0793958052923699
1.206, 0.08061919636835545
1.207, 0.08185330083406958
1.208, 0.08309815600310759
1.209, 0.0843537992546014
1.21, 0.0856202680324217
1.211, 0.08689759984441496
1.212, 0.08818583226166027
1.213, 0.08948500291776021
1.214, 0.09079514950815298
1.215, 0.09211630978945261
1.216, 0.09344852157880687
1.217, 0.09479182275328824
1.218, 0.09614625124929621
1.219, 0.09751184506198815
1.22, 0.09888864224472745
1.221, 0.10027668090855474
1.222, 0.10167599922167046
1.223, 0.10308663540894723
1.224, 0.10450862775144892
1.225, 0.10594201458597384
1.226, 0.10738683430461184
1.227, 0.10884312535431888
1.228, 0.11031092623650227
1.229, 0.11179027550662765
1.23, 0.1132812117738346
1.231, 0.11478377370056989
1.232, 0.11629800000222948
1.233, 0.11782392944681992
1.234, 0.11936160085462513
1.235, 0.12091105309789081
1.236, 0.12247232510051619
1.237, 0.12404545583776215
1.238, 0.12563048433596127
1.239, 0.12722744967225114
1.24, 0.12883639097430447
1.241, 0.13045734742008033
1.242, 0.13209035823757367
1.2429999999999999, 0.13373546270458742
1.244, 0.13539270014850097
1.245, 0.13706210994605256
1.246, 0.1387437315231317
1.2469999999999999, 0.14043760435457717
1.248, 0.14214376796398318
1.249, 0.14386226192351234
1.25, 0.14559312585371656
1.251, 0.14733639942336804
1.252, 0.1490921223492918
1.2530000000000001, 0.15086033439620503
1.254, 0.1526410753765706
1.255, 0.15443438515044786
1.256, 0.15624030362535202
1.2570000000000001, 0.15805887075612318
1.258, 0.15989012654479426
1.259, 0.16173411104047195
1.26, 0.16359086433921718
1.2610000000000001, 0.16546042658393226
1.262, 0.1673428379642541
1.263, 0.1692381387164527
1.264, 0.17114636912333267
1.2650000000000001, 0.17306756951413757
1.266, 0.17500178026446436
1.267, 0.17694904179617646
1.268, 0.1789093945773253
1.2690000000000001, 0.18088287912207213
1.27, 0.1828695359906142
1.271, 0.18486940578912053
1.272, 0.18688252916966275
1.2730000000000001, 0.18890894683015413
1.274, 0.19094869951429216
1.275, 0.1930018280115045
1.276, 0.195068373156898
1.2770000000000001, 0.19714837583120662
1.278, 0.19924187696075032
1.279, 0.20134891751739004
1.28, 0.2034695385184918
1.2810000000000001, 0.20560378102688603
1.282, 0.20775168615083647
1.283, 0.2099132950440075
1.284, 0.21208864890543794
1.2850000000000001, 0.2142777889795114
1.286, 0.2164807565559345
1.287, 0.21869759296971758
1.288, 0.2209283396011529
1.289, 0.2231730378757959
1.29, 0.22543172926445823
1.291, 0.22770445528318642
1.292, 0.2299912574932576
1.293, 0.2322921775011663
1.294, 0.23460725695862347
1.295, 0.2369365375625453
1.296, 0.23928006105505664
1.297, 0.24163786922348446
1.298, 0.2440100039003611
1.299, 0.24639650696342727
1.3, 0.2487974203356352
1.301, 0.25121278598515234
1.302, 0.25364264592536995
1.303, 0.256087042214912
1.304, 0.258546016957645
1.305, 0.2610196123026857
1.306, 0.26350787044442214
1.307, 0.2660108336225165
1.308, 0.2685285441219295
1.309, 0.2710610442729326
1.31, 0.27360837645112823
1.311, 0.27617058307746417
1.312, 0.27874770661826054
1.313, 0.28133978958522293
1.314, 0.2839468745354721
1.315, 0.28656900407156205
1.316, 0.28920622084150727
1.317, 0.2918585675388068
1.318, 0.2945260869024732
1.319, 0.29720882171705193
1.32, 0.29990681481265985
1.321, 0.30262010906500875
1.322, 0.3053487473954347
1.323, 0.30809277277092983
1.324, 0.31085222820417485
1.325, 0.3136271567535715
1.326, 0.3164176015232734
1.327, 0.319223605663221
1.328, 0.32204521236917816
1.329, 0.3248824648827627
1.33, 0.3277354064914882
1.331, 0.3306040805287959
1.332, 0.3334885303740956
1.333, 0.33638879945279837
1.334, 0.3393049312363632
1.335, 0.3422369692423261
1.336, 0.34518495703434904
1.337, 0.34814893822225235
1.338, 0.35112895646206244
1.339, 0.35412505545604717
1.34, 0.3571372789527623
1.341, 0.36016567074708866
1.342, 0.36321027468028044
1.343, 0.3662711346400043
1.344, 0.3693482945603865
1.345, 0.37244179842205094
1.346, 0.3755516902521719
1.347, 0.37867801412451185
1.348, 0.38182081415947117
1.349, 0.38498013452413027
1.35, 0.3881560194323005
1.351, 0.3913485131445637
1.3519999999999999, 0.39455765996832876
1.353, 0.39778350425786657
1.354, 0.40102609041436743
1.355, 0.40428546288598477
1.3559999999999999, 0.40756166616788203
1.357, 0.4108547448022853
1.358, 0.41416474337852666
1.359, 0.4174917065330965
1.3599999999999999, 0.420835678949691
1.361, 0.4241967053592655
1.362, 0.4275748305400774
1.363, 0.43097009931774155
1.3639999999999999, 0.43438255656527897
1.365, 0.43781224720316597
1.366, 0.44125921619938774
1.367, 0.44472350856948295
1.3679999999999999, 0.4482051693766026
1.369, 0.45170424373155804
1.37, 0.45522077679287065
1.371, 0.4587548137668224
1.3719999999999999, 0.4623063999075154
1.373, 0.46587558051691397
1.374, 0.4694624009449035
1.375, 0.4730669065893379
1.376, 0.47668914289609815
1.377, 0.48032915535913734
1.3780000000000001, 0.4839869895205414
1.379, 0.4876626909705728
1.38, 0.4913563053477324
1.381, 0.4950678783388078
1.3820000000000001, 0.4987974556789264
1.383, 0.5025450831516075
1.384, 0.5063108065888217
1.385, 0.5100946718710396
1.3860000000000001, 0.5138967249272852
1.387, 0.5177170117351878
1.388, 0.5215555783210452
1.389, 0.5254124707598667
1.3900000000000001, 0.5292877351754298
1.391, 0.5331814177403402
1.392, 0.5370935646760774
1.393, 0.5410242222530567
1.3940000000000001, 0.5449734367906748
1.395, 0.5489412546573726
1.396, 0.5529277222706838
1.397, 0.556932886097294
1.3980000000000001, 0.5609567926530887
1.399, 0.5649994885032116
1.4, 0.5690610202621222
1.401, 0.5731414345936463
1.4020000000000001, 0.5772407782110287
1.403, 0.5813590978769916
1.404, 0.5854964404037897
1.405, 0.5896528526532631
1.4060000000000001, 0.5938283815368901
1.407, 0.5980230740158454
1.408, 0.6022369771010542
1.409, 0.606470137853245
1.4100000000000001, 0.6107226033830071
1.411, 0.6149944208508408
1.412, 0.6192856374672201
1.413, 0.6235963004926385
1.4140000000000001, 0.6279264572376697
1.415, 0.6322761550630193
1.416, 0.6366454413795833
1.417, 0.6410343636484988
1.418, 0.6454429693812018
1.419, 0.6498713061394802
1.42, 0.6543194215355269
1.421, 0.6587873632320014
1.422, 0.6632751789420741
1.423, 0.6677829164294933
1.424, 0.6723106235086261
1.425, 0.6768583480445289
1.426, 0.6814261379529853
1.427, 0.6860140412005764
1.428, 0.6906221058047232
1.429, 0.6952503798337477
1.43, 0.6998989114069263
1.431, 0.7045677486945425
1.432, 0.7092569399179468
1.433, 0.7139665333496039
1.434, 0.7186965773131477
1.435, 0.7234471201834478
1.436, 0.7282182103866448
1.437, 0.7330098964002214
1.438, 0.7378222267530479
1.439, 0.7426552500254382
1.44, 0.7475090148492013
1.441, 0.7523835699077069
1.442, 0.7572789639359231
1.443, 0.7621952457204821
1.444, 0.7671324640997313
1.445, 0.772090667963786
1.446, 0.7770699062545852
1.447, 0.7820702279659433
1.448, 0.7870916821436069
1.449, 0.7921343178853075
1.45, 0.7971981843408116
1.451, 0.8022833307119849
1.452, 0.8073898062528299
1.453, 0.8125176602695575
1.454, 0.8176669421206243
1.455, 0.8228377012168003
1.456, 0.82802998702121
1.457, 0.8332438490493951
1.458, 0.8384793368693628
1.459, 0.8437365001016437
1.46, 0.8490153884193357
1.461, 0.8543160515481742
1.462, 0.8596385392665625
1.463, 0.8649829014056484
1.464, 0.8703491878493563
1.465, 0.8757374485344588
1.466, 0.8811477334506158
1.467, 0.8865800926404316
1.468, 0.8920345761995113
1.469, 0.8975112342765125
1.47, 0.9030101170731898
1.471, 0.9085312748444628
1.472, 0.9140747578984512
1.473, 0.9196406165965444
1.474, 0.9252289013534379
1.475, 0.930839662637198
1.476, 0.9364729509693104
1.477, 0.9421288169247277
1.478, 0.9478073111319274
1.479, 0.9535084842729676
1.48, 0.959232387083523
1.4809999999999999, 0.9649790703529564
1.482, 0.970748584924361
1.483, 0.976540981694609
1.484, 0.9823563116144092
1.4849999999999999, 0.98819462568836
1.486, 0.9940559749749975
1.487, 0.9999404105868488
1.488, 1.005847983690476
1.4889999999999999, 1.0117787455065428
1.49, 1.0177327473098547
1.491, 1.023710040429416
1.492, 1.0297106762484702
1.4929999999999999, 1.035734706204571
1.494, 1.0417821817896138
1.495, 1.047853154549899
1.496, 1.0539476760861743
1.4969999999999999, 1.0600657980536965
1.498, 1.0662075721622755
1.499, 1.072373050176324
1.5, 1.0785622839149065
1.501, 1.0847753252518029
1.502, 1.091012226115544
1.5030000000000001, 1.0972730384894704
1.504, 1.1035578144117792
1.505, 1.1098666059755757
1.506, 1.1161994653289309
1.5070000000000001, 1.1225564446749163
1.508, 1.1289375962716663
1.509, 1.1353429724324247
1.51, 1.1417726255255969
1.5110000000000001, 1.148226607974799
1.512, 1.1547049722589016
1.513, 1.161207770912091
1.514, 1.167735056523912
1.5150000000000001, 1.1742868817393162
1.516, 1.1808632992587131
1.517, 1.1874643618380307
1.518, 1.1940901222887441
1.5190000000000001, 1.200740633477944
1.52, 1.2074159483283708
1.521, 1.2141161198184804
1.522, 1.2208412009824814
1.5230000000000001, 1.2275912449103858
1.524, 1.234366304748059
1.525, 1.241166433697276
1.526, 1.2479916850157626
1.5270000000000001, 1.2548421120172442
1.528, 1.2617177680714915
1.529, 1.2686187066043884
1.53, 1.275544981097959
1.5310000000000001, 1.2824966450904238
1.532, 1.2894737521762458
1.533, 1.2964763560061907
1.534, 1.3035045102873652
1.5350000000000001, 1.31055826878326
1.536, 1.317637685313814
1.537, 1.3247428137554491
1.538, 1.3318737080411274
1.5390000000000001, 1.3390304221603901
1.54, 1.3462130101594147
1.541, 1.3534215261410574
1.542, 1.3606560242649084
1.5430000000000001, 1.3679165587473283
1.544, 1.3752031838615033
1.545, 1.3825159539374927
1.546, 1.3898549233622777
1.5470000000000002, 1.3972201465798095
1.548, 1.4046116780910427
1.549, 1.412029572454007
1.55, 1.419473884283841
1.5510000000000002, 1.4269446682528364
1.552, 1.4344419790904936
1.553, 1.4419658715835666
1.554, 1.449516400576105
1.5550000000000002, 1.4570936209695082
1.556, 1.4646975877225674
1.557, 1.4723283558515168
1.558, 1.4799859804300877
1.5590000000000002, 1.4876705165895245
1.56, 1.4953820195186762
1.561, 1.5031205444640086
1.562, 1.510886146729666
1.5630000000000002, 1.5186788816775125
1.564, 1.5264988047271846
1.565, 1.5343459713561323
1.566, 1.542220437099671
1.5670000000000002, 1.5501222575510212
1.568, 1.5580514883613572
1.569, 1.5660081852398537
1.57, 1.5739924039537403
1.5710000000000002, 1.5820042003283314
1.572, 1.5900436302470853
1.573, 1.5981107496516462
1.574, 1.6062056145418888
1.5750000000000002, 1.6143282809759711
1.576, 1.6224788050703614
1.577, 1.6306572429999129
1.5779999999999998, 1.638863650997885
1.579, 1.6470980853560035
1.58, 1.6553606024244987
1.581, 1.6636512586121475
1.5819999999999999, 1.6719701103863347
1.583, 1.680317214273087
1.584, 1.6886926268571139
1.585, 1.6970964047818586
1.5859999999999999, 1.7055286047495555
1.587, 1.7139892835212573
1.588, 1.7224784979168826
1.589, 1.730996304815266
1.5899999999999999, 1.7395427611542083
1.591, 1.748117923930514
1.592, 1.7567218502000397
1.593, 1.7653545970777305
1.5939999999999999, 1.774016221737676
1.595, 1.7827067814131543
1.596, 1.7914263333966691
1.597, 1.8001749350399963
1.5979999999999999, 1.8089526437542407
1.599, 1.8177595170098662
1.6, 1.8265956123367393
1.601, 1.8354609873241832
1.6019999999999999, 1.8443556996210226
1.603, 1.8532798069356244
1.604, 1.8622333670359341
1.605, 1.871216437749533
1.6059999999999999, 1.8802290769636751
1.607, 1.8892713426253407
1.608, 1.898343292741262
1.609, 1.907444985377979
1.6099999999999999, 1.916576478661893
1.611, 1.925737830779295
1.612, 1.9349290999764155
1.613, 1.9441503445594603
1.6139999999999999, 1.953401622894672
1.615, 1.9626829934083676
1.616, 1.9719945145869606
1.617, 1.9813362449770362
1.6179999999999999, 1.9907082431853786
1.619, 2.0001105678790183
1.62, 2.0095432777852746
1.621, 2.019006431691788
1.6219999999999999, 2.028500088446587
1.623, 2.0380243069581208
1.624, 2.0475791461952904
1.625, 2.057164665187508
1.626, 2.0667809230247296
1.627, 2.0764279788575157
1.6280000000000001, 2.0861058918970468
1.629, 2.0958147214151874
1.63, 2.1055545267445237
1.631, 2.115325367278407
1.6320000000000001, 2.1251273024709976
1.633, 2.1349603918372946
1.634, 2.144824694953198
1.635, 2.154720271455552
1.6360000000000001, 2.1646471810421617
1.637, 2.17460548347186
1.638, 2.1845952385645524
1.639, 2.1946165062012324
1.6400000000000001, 2.2046693463240614
1.641, 2.2147538189363747
1.642, 2.2248699841027553
1.643, 2.2350179019490586
1.6440000000000001, 2.2451976326624514
1.645, 2.255409236491467
1.646, 2.2656527737460443
1.647, 2.2759283047975614
1.6480000000000001, 2.2862358900788897
1.649, 2.296575590084423
1.65, 2.306947465370134
1.651, 2.317351576553607
1.6520000000000001, 2.3277879843140816
1.653, 2.338256749392493
1.654, 2.3487579325915173
1.655, 2.3592915947756206
1.6560000000000001, 2.369857796871073
1.657, 2.3804565998660334
1.658, 2.3910880648105457
1.659, 2.4017522528166215
1.6600000000000001, 2.412449225058253
1.661, 2.42317904277146
1.662, 2.433941767254345
1.663, 2.4447374598671225
1.6640000000000001, 2.4555661820321633
1.665, 2.4664279952340284
1.666, 2.477322961019535
1.667, 2.488251140997771
1.6680000000000001, 2.499212596840148
1.669, 2.510207390280432
1.67, 2.5212355831148083
1.671, 2.532297237201903
1.6720000000000002, 2.543392414462828
1.673, 2.55452117688122
1.674, 2.5656835865032943
1.675, 2.5768797054378694
1.6760000000000002, 2.5881095958564178
1.677, 2.5993733199930933
1.678, 2.6106709401448036
1.679, 2.622002518671223
1.6800000000000002, 2.6333681179948276
1.681, 2.644767800600964
1.682, 2.6562016290378705
1.683, 2.667669665916723
1.6840000000000002, 2.6791719739116844
1.685, 2.690708615759909
1.686, 2.702279654261637
1.687, 2.71388515228021
1.6880000000000002, 2.7255251727420884
1.689, 2.7371997786369318
1.69, 2.7489090330176085
1.691, 2.7606529990002593
1.6920000000000002, 2.7724317397643277
1.693, 2.7842453185525895
1.694, 2.7960937986712078
1.695, 2.807977243489771
1.6960000000000002, 2.8198957164413376
1.697, 2.831849281022446
1.698, 2.8438380007932107
1.699, 2.85586193937731
1.7000000000000002, 2.8679211604620467
1.701, 2.880015727798391
1.702, 2.892145705201015
1.703, 2.904311156548349
1.704, 2.9165121457825878
1.705, 2.9287487369097644
1.706, 2.941020993999762
1.7069999999999999, 2.9533289811863828
1.708, 2.965672762667361
1.709, 2.978052402704422
1.71, 2.9904679656233104
1.7109999999999999, 3.0029195158138324
1.712, 3.0154071177298967
1.713, 3.0279308358895687
1.714, 3.0404907348750654
1.7149999999999999, 3.0530868793328554
1.716, 3.065719333973651
1.717, 3.0783881635724772
1.718, 3.0910934329686834
1.7189999999999999, 3.1038352070660076
1.72, 3.11661355083261
1.721, 3.129428529301109
1.722, 3.1422802075686063
1.7229999999999999, 3.1551686507967545
1.724, 3.1680939242117847
1.725, 3.181056093104535
1.726, 3.194055222830496
1.7269999999999999, 3.2070913788098587
1.728, 3.220164626527554
1.729, 3.233275031533268
1.73, 3.2464226594415058
1.7309999999999999, 3.2596075759316285
1.732, 3.272829846747881
1.733, 3.2860895376994415
1.734, 3.2993867146604376
1.7349999999999999, 3.3127214435700285
1.736, 3.3260937904324113
1.737, 3.339503821316856
1.738, 3.3529516023577575
1.7389999999999999, 3.366437199754686
1.74, 3.379960679772408
1.741, 3.393522108740916
1.742, 3.4071215530554957
1.7429999999999999, 3.420759079176739
1.744, 3.43443475363061
1.745, 3.448148643008442
1.746, 3.4619008139670195
1.7469999999999999, 3.475691333228594
1.748, 3.4895202675809256
1.749, 3.503387683877324
1.75, 3.5172936490366804
1.751, 3.5312382300435208
1.752, 3.5452214939480275
1.7530000000000001, 3.5592435078660936
1.754, 3.5733043389793373
1.755, 3.587404054535173
1.756, 3.6015427218468257
1.7570000000000001, 3.6157204082933725
1.758, 3.6299371813197823
1.759, 3.6441931084369648
1.76, 3.6584882572218036
1.7610000000000001, 3.672822695317174
1.762, 3.687196490432011
1.763, 3.701609710341325
1.764, 3.716062422886271
1.7650000000000001, 3.7305546959741376
1.766, 3.7450865975784207
1.767, 3.7596581957388655
1.768, 3.7742695585614845
1.7690000000000001, 3.788920754218594
1.77, 3.8036118509488794
1.771, 3.8183429170573975
1.772, 3.833114020915653
1.7730000000000001, 3.8479252309615926
1.774, 3.862776615699675
1.775, 3.877668243700908
1.776, 3.8926001836028634
1.7770000000000001, 3.9075725041097407
1.778, 3.922585273992379
1.779, 3.937638562088328
1.78, 3.9527324373018558
1.7810000000000001, 3.9678669686039933
1.782, 3.983042225032582
1.783, 3.9982582756922973
1.784, 4.013515189754719
1.7850000000000001, 4.028813036458315
1.786, 4.044151885108519
1.787, 4.059531805077761
1.788, 4.0749528658055025
1.7890000000000001, 4.090415136798255
1.79, 4.105918687629659
1.791, 4.1214635879404735
1.792, 4.137049907438671
1.7930000000000001, 4.152677715899393
1.794, 4.168347083165083
1.795, 4.1840580791454425
1.796, 4.199810773817515
1.7970000000000002, 4.21560523722572
1.798, 4.2314415394818585
1.799, 4.2473197507651985
1.8, 4.263239941322458
1.8010000000000002, 4.279202181467889
1.802, 4.2952065415832905
1.803, 4.31125309211806
1.804, 4.327341903589197
1.8050000000000002, 4.3434730465814
1.806, 4.359646591747038
1.807, 4.3758626098062265
1.808, 4.3921211715468695
1.8090000000000002, 4.408422347824663
1.81, 4.424766209563172
1.811, 4.441152827753832
1.812, 4.457582273456003
1.8130000000000002, 4.474054617797013
1.814, 4.4905699319721855
1.815, 4.507128287244864
1.816, 4.523729754946478
1.8170000000000002, 4.540374406476564
1.818, 4.557062313302796
1.819, 4.573793546961022
1.82, 4.590568179055332
1.8210000000000002, 4.6073862812580435
1.822, 4.624247925309784
1.823, 4.641153183019493
1.824, 4.658102126264501
1.8250000000000002, 4.675094826990509
1.826, 4.692131357211672
1.827, 4.709211789010611
1.828, 4.726336194538476
1.8290000000000002, 4.743504646014954
1.83, 4.76071721572831
1.831, 4.777973976035433
1.832, 4.795274999361887
1.833, 4.812620358201905
1.834, 4.830010125118461
1.835, 4.847444372743293
1.8359999999999999, 4.864923173776954
1.837, 4.882446600988832
1.838, 4.9000147272171874
1.839, 4.917627625369178
1.8399999999999999, 4.935285368420945
1.841, 4.952988029417588
1.842, 4.970735681473247
1.843, 4.988528397771095
1.8439999999999999, 5.00636625156343
1.845, 5.024249316171663
1.846, 5.042177664986373
1.847, 5.060151371467345
1.8479999999999999, 5.078170509143598
1.849, 5.096235151613437
1.85, 5.1143453725444825
1.851, 5.132501245673673
1.8519999999999999, 5.150702844807377
1.853, 5.168950243821341
1.854, 5.187243516660798
1.855, 5.205582737340441
1.8559999999999999, 5.223967979944537
1.857, 5.242399318626887
1.858, 5.260876827610895
1.859, 5.2794005811895985
1.8599999999999999, 5.297970653725732
1.861, 5.316587119651715
1.862, 5.335250053469717
1.863, 5.353959529751691
1.8639999999999999, 5.372715623139403
1.865, 5.391518408344485
1.866, 5.410367960148448
1.867, 5.429264353402709
1.8679999999999999, 5.448207663028681
1.869, 5.467197964017763
1.87, 5.4862353314313586
1.871, 5.505319840400964
1.8719999999999999, 5.524451566128182
1.873, 5.543630583884752
1.874, 5.562856969012582
1.875, 5.582130796923787
1.876, 5.601452143100728
1.877, 5.620821083096086
1.8780000000000001, 5.640237692532805
1.879, 5.659702047104214
1.88, 5.679214222574029
1.881, 5.69877429477639
1.8820000000000001, 5.718382339615891
1.883, 5.73803843306763
1.884, 5.7577426511772405
1.885, 5.777495070060916
1.8860000000000001, 5.797295765905456
1.887, 5.817144814968296
1.888, 5.837042293577551
1.889, 5.856988278132047
1.8900000000000001, 5.876982845101354
1.891, 5.897026071025812
1.892, 5.917118032516597
1.893, 5.937258806255733
1.8940000000000001, 5.957448468996114
1.895, 5.977687097561578
1.896, 5.997974768846905
1.897, 6.018311559817884
1.8980000000000001, 6.038697547511326
1.899, 6.0591328090350975
1.9, 6.079617421568185
1.901, 6.1001514623606985
1.9020000000000001, 6.120735008733919
1.903, 6.141368138080327
1.904, 6.162050927863654
1.905, 6.182783455618924
1.9060000000000001, 6.203565798952439
1.907, 6.224398035541859
1.908, 6.245280243136231
1.909, 6.2662124995560475
1.9100000000000001, 6.287194882693197
1.911, 6.308227470511107
1.912, 6.3293103410447
1.913, 6.350443572400464
1.9140000000000001, 6.371627242756478
1.915, 6.392861430362456
1.916, 6.414146213539787
1.917, 6.435481670681528
1.9180000000000001, 6.456867880252496
1.919, 6.4783049207892764
1.92, 6.499792870900237
1.921, 6.521331809265629
1.9220000000000002, 6.542921814637518
1.923, 6.564562965839924
1.924, 6.586255341768811
1.925, 6.607999021392099
1.9260000000000002, 6.629794083749733
1.927, 6.65164060795373
1.928, 6.6735386731881405
1.929, 6.6954883587092
1.9300000000000002, 6.717489743845249
1.931, 6.739542907996824
1.932, 6.761647930636712
1.933, 6.783804891309949
1.9340000000000002, 6.806013869633835
1.935, 6.828274945298043
1.936, 6.850588198064595
1.937, 6.872953707767907
1.9380000000000002, 6.895371554314819
1.939, 6.91784181768467
1.94, 6.94036457792927
1.941, 6.962939915172989
1.9420000000000002, 6.985567909612771
1.943, 7.00824864151815
1.944, 7.030982191231323
1.945, 7.053768639167152
1.9460000000000002, 7.076608065813213
1.947, 7.0995005517298315
1.948, 7.12244617755012
1.949, 7.145445023980014
1.9500000000000002, 7.168497171798275
1.951, 7.191602701856556
1.952, 7.214761695079455
1.953, 7.237974232464518
1.9540000000000002, 7.261240395082259
1.955, 7.2845602640762275
1.956, 7.3079339206630545
1.957, 7.331361446132435
1.9580000000000002, 7.354842921847226
1.959, 7.3783784292433925
1.96, 7.401968049830151
1.9609999999999999, 7.425611865189934
1.962, 7.449309956978447
1.963, 7.473062406924671
1.964, 7.496869296830952
1.9649999999999999, 7.520730708572994
1.966, 7.544646724099915
1.967, 7.5686174254342635
1.968, 7.5926428946720605
1.9689999999999999, 7.616723213982842
1.97, 7.640858465609692
1.971, 7.66504873186928
1.972, 7.68929409515184
1.9729999999999999, 7.713594637921316
1.974, 7.737950442715298
1.975, 7.762361592145099
1.976, 7.786828168895783
1.9769999999999999, 7.8113502557261985
1.978, 7.835927935469014
1.979, 7.860561291030741
1.98, 7.885250405391795
1.9809999999999999, 7.90999536160649
1.982, 7.934796242803157
1.983, 7.95965313218403
1.984, 7.984566113025427
1.9849999999999999, 8.009535268677702
1.986, 8.03456068256533
1.987, 8.059642438186883
1.988, 8.084780619115103
1.9889999999999999, 8.109975308996944
1.99, 8.135226591553568
1.991, 8.160534550580447
1.992, 8.185899269947283
1.9929999999999999, 8.211320833598165
1.994, 8.23679932555154
1.995, 8.262334829900254
1.996, 8.287927430811566
1.9969999999999999, 8.313577212527257
1.998, 8.339284259363572
1.999, 8.365048655711304
2, 8.390870486035821
2.0010000000000003, 8.416749834877125
2.002, 8.442686786849782
2.003, 8.468681426643146
2.004, 8.494733839021176
2.005, 8.52084410882265
2.0060000000000002, 8.547012320961105
2.007, 8.573238560424839
2.008, 8.599522912277061
2.0090000000000003, 8.625865461655861
2.01, 8.652266293774165
2.011, 8.678725493919984
2.012, 8.705243147456159
2.013, 8.731819339820651
2.0140000000000002, 8.75845415652646
2.015, 8.785147683161624
2.016, 8.811900005389338
2.0170000000000003, 8.83871120894796
2.018, 8.865581379650962
2.019, 8.892510603387167
2.02, 8.919498966120532
2.021, 8.946546553890368
2.0220000000000002, 8.973653452811282
2.023, 9.000819749073253
2.024, 9.028045528941634
2.025, 9.055330878757212
2.026, 9.082675884936272
2.027, 9.11008063397053
2.028, 9.13754521242725
2.029, 9.165069706949273
2.0300000000000002, 9.192654204255016
2.0309999999999997, 9.220298791138529
2.032, 9.248003554469552
2.033, 9.275768581193475
2.034, 9.303593958331444
2.035, 9.33147977298039
2.036, 9.359426112312986
2.037, 9.387433063577783
2.0380000000000003, 9.415500714099203
2.0389999999999997, 9.44362915127751
2.04, 9.471818462588987
2.041, 9.500068735585803
2.042, 9.528380057896182
2.043, 9.556752517224387
2.044, 9.585186201350686
2.045, 9.613681198131497
2.0460000000000003, 9.64223759549941
2.0469999999999997, 9.670855481463084
2.048, 9.699534944107517
2.049, 9.728276071593804
2.05, 9.757078952159421
2.051, 9.785943674118101
2.052, 9.81487032585989
2.053, 9.84385899585127
2.0540000000000003, 9.872909772635099
2.0549999999999997, 9.902022744830644
2.056, 9.931198001133723
2.057, 9.960435630316578
2.058, 9.989735721228046
2.059, 10.01909836279352
2.06, 10.048523644015003
2.061, 10.078011653971144
2.0620000000000003, 10.107562481817293
2.0629999999999997, 10.13717621678541
2.064, 10.166852948184353
2.065, 10.196592765399632
2.066, 10.226395757893616
2.067, 10.256262015205547
2.068, 10.286191626951448
2.069, 10.31618468282437
2.0700000000000003, 10.34624127259425
2.0709999999999997, 10.376361486107983
2.072, 10.406545413289544
2.073, 10.43679314413989
2.074, 10.467104768737078
2.075, 10.497480377236323
2.076, 10.52792005986989
2.077, 10.558423906947306
2.0780000000000003, 10.5889920088553
2.0789999999999997, 10.619624456057792
2.08, 10.650321339096083
2.081, 10.681082748588688
2.082, 10.711908775231539
2.083, 10.742799509797914
2.084, 10.77375504313852
2.085, 10.804775466181491
2.0860000000000003, 10.835860869932507
2.0869999999999997, 10.867011345474664
2.088, 10.898226983968698
2.089, 10.929507876652874
2.09, 10.960854114843082
2.091, 10.992265789932903
2.092, 11.023742993393537
2.093, 11.05528581677394
2.0940000000000003, 11.08689435170081
2.0949999999999998, 11.11856868987862
2.096, 11.150308923089689
2.097, 11.182115143194133
2.098, 11.21398744213002
2.099, 11.24592591191327
2.1, 11.277930644637776
2.101, 11.310001732475438
2.1020000000000003, 11.342139267676183
2.1029999999999998, 11.374343342567888
2.104, 11.406614049556671
2.105, 11.438951481126637
2.106, 11.471355729840079
2.107, 11.503826888337535
2.108, 11.536365049337661
2.109, 11.56897030563744
2.1100000000000003, 11.601642750112108
2.1109999999999998, 11.634382475715205
2.112, 11.667189575478673
2.113, 11.70006414251278
2.114, 11.733006270006257
2.115, 11.76601605122626
2.116, 11.799093579518418
2.117, 11.83223894830692
2.1180000000000003, 11.865452251094476
2.1189999999999998, 11.898733581462364
2.12, 11.932083033070555
2.121, 11.965500699657559
2.122, 11.998986675040655
2.123, 12.03254105311581
2.124, 12.066163927857753
2.125, 12.099855393319961
2.1260000000000003, 12.133615543634814
2.127, 12.167444473013393
2.128, 12.201342275745851
2.129, 12.235309046201092
2.13, 12.26934487882707
2.1310000000000002, 12.303449868150695
2.132, 12.337624108777872
2.133, 12.371867695393577
2.1340000000000003, 12.406180722761885
2.135, 12.44056328572593
2.136, 12.475015479208086
2.137, 12.50953739820982
2.138, 12.544129137811858
2.1390000000000002, 12.578790793174191
2.14, 12.613522459536043
2.141, 12.648324232216002
2.1420000000000003, 12.683196206611992
2.143, 12.71813847820125
2.144, 12.753151142540567
2.145, 12.788234295266056
2.146, 12.823388032093373
2.1470000000000002, 12.85861244881771
2.148, 12.89390764131371
2.149, 12.929273705535667
2.1500000000000004, 12.96471073751753
2.151, 13.000218833372806
2.152, 13.035798089294719
2.153, 13.071448601556222
2.154, 13.107170466509993
2.1550000000000002, 13.142963780588502
2.1559999999999997, 13.178828640304012
2.157, 13.214765142248678
2.158, 13.250773383094463
2.159, 13.286853459593303
2.16, 13.323005468577072
2.161, 13.359229506957568
2.162, 13.39552567172666
2.1630000000000003, 13.431894059956244
2.1639999999999997, 13.468334768798265
2.165, 13.504847895484815
2.166, 13.541433537328142
2.167, 13.578091791720595
2.168, 13.614822756134838
2.169, 13.651626528123673
2.17, 13.688503205320247
2.1710000000000003, 13.725452885437994
2.1719999999999997, 13.762475666270664
2.173, 13.799571645692467
2.174, 13.836740921657894
2.175, 13.87398359220198
2.176, 13.911299755440206
2.177, 13.948689509568522
2.178, 13.98615295286345
2.1790000000000003, 14.0236901836821
2.1799999999999997, 14.061301300462132
2.181, 14.098986401721936
2.182, 14.136745586060458
2.183, 14.174578952157463
2.184, 14.212486598773372
2.185, 14.250468624749377
2.186, 14.288525129007544
2.1870000000000003, 14.326656210550711
2.1879999999999997, 14.3648619684626
2.189, 14.403142501907846
2.19, 14.441497910132023
2.191, 14.47992829246165
2.192, 14.518433748304275
2.193, 14.557014377148443
2.194, 14.595670278563794
2.1950000000000003, 14.634401552201103
2.1959999999999997, 14.673208297792165
2.197, 14.712090615150077
2.198, 14.751048604169045
2.199, 14.790082364824531
2.2, 14.829191997173256
2.201, 14.86837760135325
2.202, 14.90763927758387
2.2030000000000003, 14.946977126165846
2.2039999999999997, 14.986391247481256
2.205, 15.025881741993675
2.206, 15.065448710248102
2.207, 15.10509225287102
2.208, 15.144812470570466
2.209, 15.184609464136017
2.21, 15.224483334438869
2.2110000000000003, 15.264434182431822
2.2119999999999997, 15.304462109149304
2.213, 15.344567215707551
2.214, 15.384749603304357
2.215, 15.425009373219396
2.216, 15.465346626814148
2.217, 15.50576146553176
2.218, 15.546253990897416
2.2190000000000003, 15.586824304518112
2.2199999999999998, 15.627472508082693
2.221, 15.668198703362126
2.222, 15.709002992209179
2.223, 15.749885476558797
2.224, 15.7908462584279
2.225, 15.83188543991549
2.226, 15.873003123202695
2.2270000000000003, 15.914199410552827
2.2279999999999998, 15.955474404311305
2.229, 15.996828206905919
2.23, 16.0382609208465
2.231, 16.0797726487253
2.232, 16.12136349321689
2.233, 16.163033557078105
2.234, 16.20478294314823
2.2350000000000003, 16.24661175434897
2.2359999999999998, 16.288520093684358
2.237, 16.330508064241073
2.238, 16.37257576918822
2.239, 16.41472331177741
2.24, 16.45695079534296
2.241, 16.499258323301632
2.242, 16.541645999152944
2.2430000000000003, 16.58411392647908
2.2439999999999998, 16.626662208944857
2.245, 16.66929095029795
2.246, 16.7120002543687
2.247, 16.75479022507032
2.248, 16.797660966398816
2.249, 16.8406125824331
2.25, 16.88364517733499
2.2510000000000003, 16.926758855349256
2.252, 16.96995372080351
2.253, 17.013229878108582
2.254, 17.05658743175817
2.255, 17.1000264863291
2.2560000000000002, 17.143547146481282
2.257, 17.187149516957767
2.258, 17.230833702584796
2.2590000000000003, 17.274599808271788
2.26, 17.318447939011335
2.261, 17.362378199879448
2.262, 17.406390696035256
2.263, 17.4504855327213
2.2640000000000002, 17.49466281526356
2.265, 17.53892264907123
2.266, 17.58326513963709
2.2670000000000003, 17.62769039253732
2.268, 17.672198513431585
2.269, 17.716789608063095
2.27, 17.761463782258588
2.271, 17.806221141928418
2.2720000000000002, 17.851061793066602
2.273, 17.8959858417507
2.274, 17.940993394142094
2.2750000000000004, 17.986084556485803
2.276, 18.03125943511056
2.277, 18.076518136429033
2.278, 18.12186076693754
2.279, 18.167287433216405
2.2800000000000002, 18.212798241929704
2.2809999999999997, 18.2583932998255
2.282, 18.304072713735824
2.283, 18.34983659057662
2.284, 18.3956850373479
2.285, 18.441618161133718
2.286, 18.487636069102155
2.287, 18.533738868505502
2.2880000000000003, 18.579926666680127
2.2889999999999997, 18.626199571046524
2.29, 18.67255768910956
2.291, 18.719001128458192
2.292, 18.765529996765693
2.293, 18.812144401789723
2.294, 18.858844451372132
2.295, 18.90563025343928
2.2960000000000003, 18.952501916001935
2.2969999999999997, 18.999459547155073
2.298, 19.046503255078505
2.299, 19.093633148036268
2.3, 19.14084933437704
2.301, 19.188151922534068
2.302, 19.235541021025142
2.303, 19.283016738452737
2.3040000000000003, 19.330579183504025
2.3049999999999997, 19.378228464950798
2.306, 19.425964691649632
2.307, 19.473787972541867
2.308, 19.52169841665359
2.309, 19.569696133095785
2.31, 19.617781231064228
2.311, 19.665953819839633
2.3120000000000003, 19.714214008787682
2.3129999999999997, 19.762561907358847
2.314, 19.81099762508883
2.315, 19.859521271598197
2.316, 19.9081329565926
2.317, 19.956832789862823
2.318, 20.005620881284656
2.319, 20.054497340819182
2.3200000000000003, 20.103462278512662
2.3209999999999997, 20.15251580449641
2.322, 20.201658028987215
2.323, 20.25088906228698
2.324, 20.300209014783007
2.325, 20.34961799694796
2.326, 20.399116119339798
2.327, 20.448703492601975
2.3280000000000003, 20.498380227463393
2.3289999999999997, 20.54814643473831
2.33, 20.598002225326734
2.331, 20.647947710213945
2.332, 20.69798300047095
2.333, 20.748108207254433
2.334, 20.7983234418065
2.335, 20.848628815455122
2.3360000000000003, 20.89902443961394
2.3369999999999997, 20.949510425782236
2.338, 21.000086885545194
2.339, 21.0507539305737
2.34, 21.10151167262451
2.341, 21.152360223540345
2.342, 21.203299695249605
2.343, 21.254330199766827
2.3440000000000003, 21.30545184919244
2.3449999999999998, 21.35666475571282
2.346, 21.407969031600516
2.347, 21.45936478921396
2.348, 21.510852140997827
2.349, 21.562431199482873
2.35, 21.614102077285928
2.351, 21.66586488711013
2.3520000000000003, 21.71771974174483
2.3529999999999998, 21.769666754065536
2.354, 21.821706037034225
2.355, 21.873837703699007
2.356, 21.92606186719447
2.357, 21.978378640741536
2.358, 22.030788137647505
2.359, 22.083290471306263
2.3600000000000003, 22.135885755198064
2.3609999999999998, 22.188574102889675
2.362, 22.241355628034572
2.363, 22.294230444372594
2.364, 22.347198665730303
2.365, 22.40026040602093
2.366, 22.45341577924434
2.367, 22.506664899487056
2.3680000000000003, 22.560007880922548
2.3689999999999998, 22.613444837810775
2.37, 22.666975884498747
2.371, 22.720601135420207
2.372, 22.774320705095754
2.373, 22.82813470813295
2.374, 22.882043259226265
2.375, 22.936046473157113
2.3760000000000003, 22.990144464793975
2.377, 23.044337349092313
2.378, 23.09862524109471
2.379, 23.15300825593072
2.38, 23.20748650881724
2.3810000000000002, 23.26206011505814
2.382, 23.316729190044562
2.383, 23.371493849254918
2.3840000000000003, 23.426354208254835
2.385, 23.481310382697146
2.386, 23.536362488322226
2.387, 23.59151064095758
2.388, 23.646754956518294
2.3890000000000002, 23.702095551006757
2.39, 23.757532540512813
2.391, 23.813066041213872
2.3920000000000003, 23.86869616937484
2.393, 23.924423041348053
2.394, 23.980246773573654
2.395, 24.036167482579202
2.396, 24.092185284980047
2.3970000000000002, 24.14830029747914
2.398, 24.204512636867122
2.399, 24.260822420022464
2.4000000000000004, 24.317229763911396
2.401, 24.37373478558788
2.402, 24.43033760219385
2.403, 24.48703833095902
2.404, 24.543837089201006
2.4050000000000002, 24.60073399432545
2.406, 24.657729163825895
2.407, 24.71482271528385
2.408, 24.772014766369036
2.409, 24.82930543483903
2.41, 24.886694838539654
2.411, 24.944183095404814
2.412, 25.001770323456526
2.4130000000000003, 25.05945664080519
2.4139999999999997, 25.11724216564915
2.415, 25.1751270162753
2.416, 25.23311131105868
2.417, 25.29119516846262
2.418, 25.349378707039
2.419, 25.40766204542782
2.42, 25.466045302357713
2.4210000000000003, 25.52452859664573
2.4219999999999997, 25.58311204719733
2.423, 25.641795773006628
2.424, 25.700579893156142
2.425, 25.759464526817055
2.426, 25.818449793249187
2.427, 25.877535811801014
2.428, 25.936722701909606
2.4290000000000003, 25.996010583100865
2.4299999999999997, 26.055399574989302
2.431, 26.114889797278405
2.432, 26.174481369760255
2.433, 26.234174412315884
2.434, 26.29396904491524
2.435, 26.35386538761716
2.436, 26.41386356056931
2.4370000000000003, 26.473963684008474
2.4379999999999997, 26.534165878260374
2.439, 26.59447026373978
2.44, 26.654876960950546
2.441, 26.715386090485588
2.442, 26.775997773027036
2.443, 26.836712129346044
2.444, 26.897529280303097
2.4450000000000003, 26.958449346847914
2.4459999999999997, 27.01947245001931
2.447, 27.080598710945697
2.448, 27.14182825084448
2.449, 27.203161191022673
2.45, 27.264597652876482
2.451, 27.32613775789175
2.452, 27.387781627643612
2.4530000000000003, 27.449529383796804
2.4539999999999997, 27.511381148105443
2.455, 27.573337042413428
2.456, 27.635397188653954
2.457, 27.697561708850056
2.458, 27.759830725114305
2.459, 27.822204359649064
2.46, 27.88468273474625
2.4610000000000003, 27.94726597278772
2.4619999999999997, 28.009954196244866
2.463, 28.07274752767921
2.464, 28.135646089741797
2.465, 28.198650005173715
2.466, 28.261759396806045
2.467, 28.324974387559582
2.468, 28.388295100445188
2.4690000000000003, 28.451721658563894
2.4699999999999998, 28.515254185106407
2.471, 28.57889280335399
2.472, 28.64263763667749
2.473, 28.70648880853829
2.474, 28.77044644248775
2.475, 28.834510662167393
2.476, 28.898681591309117
2.4770000000000003, 28.962959353735002
2.4779999999999998, 29.02734407335733
2.479, 29.0918358741789
2.48, 29.156434880292746
2.481, 29.22114121588228
2.482, 29.285955005221496
2.483, 29.350876372674566
2.484, 29.415905442696346
2.4850000000000003, 29.481042339832328
2.4859999999999998, 29.546287188718125
2.487, 29.6116401140805
2.488, 29.677101240736288
2.489, 29.74267069359337
2.49, 29.808348597650127
2.491, 29.87413507799569
2.492, 29.94003025980989
2.4930000000000003, 30.006034268363457
2.4939999999999998, 30.072147229017745
2.495, 30.13836926722516
2.496, 30.204700508528816
2.497, 30.271141078562746
2.498, 30.337691103052098
2.499, 30.404350707812693
2.5, 30.471120018751623
2.5010000000000003, 30.537999161866907
2.502, 30.60498826324756
2.503, 30.672087449073853
2.504, 30.739296845616987
2.505, 30.80661657923954
2.5060000000000002, 30.874046776395218
2.507, 30.94158756362878
2.508, 31.00923906757648
2.5090000000000003, 31.077001414965768
2.51, 31.144874732615346
2.511, 31.212859147435463
2.512, 31.280954786427515
2.513, 31.349161776684483
2.5140000000000002, 31.41748024539076
2.515, 31.485910319822196
2.516, 31.554452127346245
2.5170000000000003, 31.623105795421754
2.518, 31.691871451599283
2.519, 31.760749223520957
2.52, 31.82973923892054
2.521, 31.898841625623447
2.5220000000000002, 31.968056511546948
2.523, 32.03738402469977
2.524, 32.106824293182775
2.5250000000000004, 32.17637744518833
2.526, 32.24604360900069
2.527, 32.3158229129962
2.528, 32.385715485642834
2.529, 32.45572145550066
2.5300000000000002, 32.52584095122166
2.531, 32.596074101549775
2.532, 32.66642103532106
2.5330000000000004, 32.7368818814636
2.534, 32.80745676899746
2.535, 32.87814582703514
2.536, 32.948949184780886
2.537, 33.01986697153146
2.5380000000000003, 33.09089931667574
2.5389999999999997, 33.16204634969472
2.54, 33.23330820016198
2.541, 33.304684997743166
2.542, 33.37617687219631
2.543, 33.447783953372
2.544, 33.519506371212984
2.545, 33.59134425575469
2.5460000000000003, 33.66329773712492
2.5469999999999997, 33.735366945543866
2.548, 33.8075520113245
2.549, 33.87985306487227
2.55, 33.95227023668514
2.551, 34.024803657353935
2.552, 34.0974534575618
2.553, 34.170219768085005
2.5540000000000003, 34.24310271979223
2.5549999999999997, 34.316102443645036
2.556, 34.389219070697855
2.557, 34.46245273209783
2.558, 34.53580355908507
2.559, 34.60927168299249
2.56, 34.68285723524601
2.561, 34.75656034736446
2.5620000000000003, 34.83038115095975
2.5629999999999997, 34.90431977773659
2.564, 34.97837635949308
2.565, 35.05255102812013
2.566, 35.1268439156019
2.567, 35.20125515401572
2.568, 35.27578487553198
2.569, 35.350433212414394
2.5700000000000003, 35.425200297020005
2.5709999999999997, 35.50008626179888
2.572, 35.57509123929464
2.573, 35.650215362144166
2.574, 35.72545876307769
2.575, 35.80082157491898
2.576, 35.876303930584996
2.577, 35.95190596308638
2.5780000000000003, 36.02762780552726
2.5789999999999997, 36.10346959110519
2.58, 36.17943145311144
2.581, 36.25551352493085
2.582, 36.33171594004177
2.583, 36.4080388320163
2.584, 36.48448233452027
2.585, 36.56104658131316
2.5860000000000003, 36.637731706248424
2.5869999999999997, 36.714537843272936
2.588, 36.79146512642778
2.589, 36.86851368984763
2.59, 36.94568366776115
2.591, 37.02297519449103
2.592, 37.10038840445369
2.593, 37.17792343215972
2.5940000000000003, 37.25558041221365
2.5949999999999998, 37.33335947931404
2.596, 37.411260768253676
2.597, 37.48928441391923
2.598, 37.567430551291714
2.599, 37.645699315446315
2.6, 37.7240908415522
2.601, 37.802605264873044
2.6020000000000003, 37.88124272076671
2.6029999999999998, 37.960003344685276
2.604, 38.0388872721754
2.605, 38.11789463887778
2.606, 38.19702558052778
2.607, 38.276280232955116
2.608, 38.35565873208389
2.609, 38.43516121393283
2.6100000000000003, 38.51478781461516
2.6109999999999998, 38.594538670338565
2.612, 38.67441391740556
2.613, 38.754413692212935
2.614, 38.83453813125251
2.615, 38.91478737111055
2.616, 38.995161548468175
2.617, 39.07566080010114
2.6180000000000003, 39.15628526288008
2.6189999999999998, 39.237035073770436
2.62, 39.31791036983251
2.621, 39.39891128822146
2.622, 39.48003796618735
2.623, 39.56129054107523
2.624, 39.642669150325034
2.625, 39.724173931471874
2.6260000000000003, 39.80580502214585
2.627, 39.88756256007191
2.628, 39.96944668307054
2.629, 40.051457529056954
2.63, 40.13359523604174
2.6310000000000002, 40.215859942130784
2.632, 40.298251785524926
2.633, 40.380770904520524
2.6340000000000003, 40.46341743750919
2.635, 40.54619152297763
2.636, 40.629093299508376
2.637, 40.712122905778905
2.638, 40.79528048056227
2.6390000000000002, 40.878566162727175
2.64, 40.96198009123754
2.641, 41.04552240515297
2.6420000000000003, 41.129193243628656
2.643, 41.21299274591513
2.644, 41.29692105135891
2.645, 41.3809782994018
2.646, 41.46516462958157
2.6470000000000002, 41.549480181531614
2.648, 41.63392509498099
2.649, 41.7184995097546
2.6500000000000004, 41.80320356577331
2.651, 41.88803740305344
2.652, 41.9730011617076
2.653, 42.05809498194409
2.654, 42.1433190040672
2.6550000000000002, 42.22867336847727
2.656, 42.3141582156704
2.657, 42.39977368623896
2.6580000000000004, 42.48551992087131
2.659, 42.57139706035193
2.66, 42.65740524556144
2.661, 42.74354461747656
2.662, 42.82981531717026
2.6630000000000003, 42.91621748581173
2.664, 43.00275126466643
2.665, 43.08941679509607
2.666, 43.17621421855866
2.667, 43.26314367660871
2.668, 43.350205310897
2.669, 43.4373992631707
2.67, 43.524725675273544
2.6710000000000003, 43.61218468914564
2.6719999999999997, 43.69977644682369
2.673, 43.78750109044094
2.674, 43.875358762227165
2.675, 43.96334960450874
2.676, 44.05147375970882
2.677, 44.13973137034699
2.678, 44.22812257903983
2.6790000000000003, 44.316647528500425
2.6799999999999997, 44.405306361538734
2.681, 44.49409922106161
2.682, 44.583026250072464
2.683, 44.67208759167195
2.684, 44.761283389057276
2.685, 44.85061378552279
2.686, 44.94007892445971
2.6870000000000003, 45.02967894935634
2.6879999999999997, 45.11941400379782
2.689, 45.20928423146665
2.69, 45.29928977614213
2.691, 45.38943078170084
2.692, 45.47970739211654
2.693, 45.57011975146002
2.694, 45.66066800389944
2.6950000000000003, 45.75135229370017
2.6959999999999997, 45.84217276522475
2.697, 45.93312956293325
2.698, 46.02422283138298
2.699, 46.11545271522847
2.7, 46.206819359221974
2.701, 46.298322908212924
2.702, 46.38996350714837
2.7030000000000003, 46.48174130107287
2.7039999999999997, 46.573656435128356
2.705, 46.665709054554526
2.706, 46.7578993046886
2.707, 46.85022733096543
2.708, 46.94269327891758
2.709, 47.0352972941752
2.71, 47.12803952246631
2.7110000000000003, 47.22092010961666
2.7119999999999997, 47.313939201549545
2.713, 47.40709694428659
2.714, 47.50039348394679
2.715, 47.593828966747395
2.716, 47.68740353900328
2.717, 47.78111734712737
2.718, 47.87497053763071
2.7190000000000003, 47.96896325712221
2.7199999999999998, 48.06309565230893
2.721, 48.15736786999601
2.722, 48.25178005708652
2.723, 48.346332360581876
2.724, 48.441024927581665
2.725, 48.53585790528354
2.726, 48.630831440983556
2.7270000000000003, 48.72594568207599
2.7279999999999998, 48.82120077605316
2.729, 48.91659687050639
2.73, 49.01213411312455
2.731, 49.107812651695546
2.732, 49.20363263410541
2.733, 49.29959420833867
2.734, 49.39569752247843
2.7350000000000003, 49.49194272470627
2.7359999999999998, 49.58832996330227
2.737, 49.68485938664531
2.738, 49.781531143212696
2.739, 49.878345381580466
2.74, 49.97530225042334
2.741, 50.07240189851469
2.742, 50.16964447472672
2.7430000000000003, 50.26703012803057
2.7439999999999998, 50.3645590074957
2.745, 50.462231262291084
2.746, 50.560047041684
2.747, 50.65800649504097
2.748, 50.75610977182739
2.749, 50.85435702160749
2.75, 50.95274839404477
2.7510000000000003, 51.051284038901535
2.752, 51.14996410603923
2.753, 51.24878874541856
2.754, 51.347758107099025
2.755, 51.44687234123976
2.7560000000000002, 51.54613159809859
2.757, 51.64553602803292
2.758, 51.74508578149928
2.7590000000000003, 51.84478100905361
2.76, 51.94462186135098
2.761, 52.04460848914608
2.762, 52.14474104329276
2.763, 52.24501967474425
2.7640000000000002, 52.345444534553685
2.765, 52.446015773873064
2.766, 52.546733543954375
2.7670000000000003, 52.64759799614891
2.768, 52.74860928190763
2.769, 52.84976755278111
2.77, 52.951072960419545
2.771, 53.05252565657292
2.7720000000000002, 53.15412579309077
2.773, 53.25587352192242
2.774, 53.35776899511693
2.7750000000000004, 53.45981236482329
2.776, 53.56200378329025
2.777, 53.66434340286647
2.778, 53.76683137600046
2.779, 53.86946785524061
2.7800000000000002, 53.9722529932355
2.781, 54.075186942733346
2.782, 54.178269856582745
2.7830000000000004, 54.2815018877323
2.784, 54.38488318923035
2.785, 54.48841391422588
2.786, 54.59209421596762
2.787, 54.695924247804776
2.7880000000000003, 54.79990416318659
2.789, 54.90403411566251
2.79, 55.00831425888247
2.7910000000000004, 55.11274474659664
2.792, 55.21732573265541
2.793, 55.322057371009855
2.794, 55.4269398157111
2.795, 55.531973220910885
2.7960000000000003, 55.637157740861554
2.7969999999999997, 55.74249352991563
2.798, 55.84798074252653
2.799, 55.95361953324797
2.8, 56.059410056734414
2.801, 56.165352467741066
2.802, 56.27144692112346
2.803, 56.37769357183811
2.8040000000000003, 56.48409257494221
2.8049999999999997, 56.59064408559355
2.806, 56.697348259051104
2.807, 56.80420525067423
2.808, 56.9112152159233
2.809, 57.0183783103597
2.81, 57.125694689645684
2.811, 57.233164509544316
2.8120000000000003, 57.34078792591997
2.8129999999999997, 57.448565094737404
2.814, 57.55649617206322
2.815, 57.664581314064655
2.816, 57.77282067701006
2.817, 57.881214417269035
2.818, 57.989762691312194
2.819, 58.098465655711735
2.8200000000000003, 58.20732346714076
2.8209999999999997, 58.31633628237351
2.822, 58.425504258286146
2.823, 58.53482755185546
2.824, 58.64430632016006
2.825, 58.75394072037987
2.826, 58.863730909796125
2.827, 58.973677045791575
2.8280000000000003, 59.083779285850575
2.8289999999999997, 59.1940377875589
2.83, 59.30445270860383
2.831, 59.4150242067744
2.832, 59.52575243996115
2.833, 59.6366375661564
2.834, 59.747679743453915
2.835, 59.85887913004938
2.8360000000000003, 59.97023588424033
2.8369999999999997, 60.0817501644257
2.838, 60.19342212910666
2.839, 60.30525193688589
2.84, 60.41723974646823
2.841, 60.52938571666035
2.842, 60.64169000637063
2.843, 60.754152774609665
2.8440000000000003, 60.8667741804902
2.8449999999999998, 60.97955438322645
2.846, 61.09249354213543
2.847, 61.2055918166357
2.848, 61.318849366248216
2.849, 61.432266350595924
2.85, 61.54584292940429
2.851, 61.65957926250064
2.8520000000000003, 61.7734755098147
2.8529999999999998, 61.88753183137859
2.854, 62.00174838732669
2.855, 62.11612533789562
2.856, 62.23066284342447
2.857, 62.34536106435495
2.858, 62.46022016123089
2.859, 62.57524029469876
2.8600000000000003, 62.6904216255077
2.8609999999999998, 62.80576431450883
2.862, 62.921268522656796
2.863, 63.03693441100796
2.864, 63.15276214072186
2.865, 63.26875187306042
2.866, 63.38490376938855
2.867, 63.50121799117346
2.8680000000000003, 63.61769469998569
2.8689999999999998, 63.734334057498046
2.87, 63.85113622548674
2.871, 63.968101365830336
2.872, 64.08522964051049
2.873, 64.20252121161175
2.874, 64.31997624132184
2.875, 64.43759489193123
2.8760000000000003, 64.5553773258335
2.877, 64.67332370552518
2.878, 64.79143419360622
2.879, 64.90970895277917
2.88, 65.0281481458503
2.8810000000000002, 65.14675193572872
2.882, 65.2655204854267
2.883, 65.38445395806005
2.8840000000000003, 65.50355251684768
2.885, 65.62281632511166
2.886, 65.74224554627784
2.887, 65.86184034387504
2.888, 65.98160088153566
2.8890000000000002, 66.10152732299552
2.89, 66.22161983209392
2.891, 66.34187857277361
2.8920000000000003, 66.46230370908091
2.893, 66.58289540516577
2.894, 66.70365382528173
2.895, 66.82457913378572
2.896, 66.94567149513875
2.8970000000000002, 67.06693107390527
2.898, 67.18835803475328
2.899, 67.30995254245512
2.9000000000000004, 67.43171476188617
2.901, 67.55364485802616
2.902, 67.67574299595876
2.903, 67.79800934087092
2.904, 67.92044405805406
2.9050000000000002, 68.0430473129035
2.906, 68.1658192709182
2.907, 68.28876009770141
2.9080000000000004, 68.41186995896038
2.909, 68.53514902050644
2.91, 68.6585974482551
2.911, 68.78221540822574
2.912, 68.90600306654221
2.9130000000000003, 69.0299605894324
2.914, 69.15408814322849
2.915, 69.27838589436696
2.9160000000000004, 69.40285400938862
2.917, 69.52749265493833
2.918, 69.65230199776583
2.919, 69.77728220472476
2.92, 69.90243344277329
2.9210000000000003, 70.02775587897445
2.9219999999999997, 70.15324968049516
2.923, 70.27891501460748
2.924, 70.40475204868748
2.925, 70.53076095021598
2.926, 70.65694188677871
2.927, 70.78329502606564
2.928, 70.90982053587163
2.9290000000000003, 71.03651858409636
2.9299999999999997, 71.16338933874391
2.931, 71.29043296792358
2.932, 71.41764963984913
2.933, 71.54503952283925
2.934, 71.67260278531765
2.935, 71.80033959581284
2.936, 71.92825012295812
2.9370000000000003, 72.05633453549201
2.9379999999999997, 72.18459300225787
2.939, 72.31302569220429
2.94, 72.44163277438453
2.941, 72.57041441795748
2.942, 72.69937079218663
2.943, 72.82850206644099
2.944, 72.95780841019467
2.9450000000000003, 73.08728999302687
2.9459999999999997, 73.2169469846223
2.947, 73.34677955477078
2.948, 73.47678787336737
2.949, 73.60697211041267
2.95, 73.73733243601265
2.951, 73.86786902037854
2.952, 73.99858203382718
2.9530000000000003, 74.12947164678086
2.9539999999999997, 74.26053802976715
2.955, 74.39178135341952
2.956, 74.52320178847674
2.957, 74.65479950578337
2.958, 74.7865746762896
2.959, 74.91852747105109
2.96, 75.05065806122921
2.9610000000000003, 75.18296661809164
2.9619999999999997, 75.31545331301069
2.963, 75.44811831746587
2.964, 75.58096180304123
2.965, 75.7139839414275
2.966, 75.84718490442116
2.967, 75.98056486392414
2.968, 76.11412399194505
2.9690000000000003, 76.24786246059803
2.9699999999999998, 76.38178044210305
2.971, 76.51587810878685
2.972, 76.6501556330815
2.973, 76.78461318752576
2.974, 76.91925094476423
2.975, 77.0540690775475
2.976, 77.18906775873275
2.9770000000000003, 77.32424716128338
2.9779999999999998, 77.4596074582688
2.979, 77.59514882286508
2.98, 77.73087142835415
2.981, 77.86677544812484
2.982, 78.00286105567194
2.983, 78.13912842459695
2.984, 78.27557772860771
2.9850000000000003, 78.41220914151862
2.9859999999999998, 78.54902283725052
2.987, 78.68601898983096
2.988, 78.82319777339393
2.989, 78.9605593621801
2.99, 79.09810393053701
2.991, 79.23583165291838
2.992, 79.37374270388509
2.9930000000000003, 79.51183725810473
2.9939999999999998, 79.65011549035134
2.995, 79.78857757550634
2.996, 79.92722368855735
2.997, 80.06605400459938
2.998, 80.20506869883418
2.999, 80.3442679465703
3, 80.48365192322348
