1 0
1.1 7.546509334021061e-05
1.2 0.0014060277968906785
1.3 0.004795036202248179
1.4 0.013613132283445264
1.5 0.07276755824653988
1.57 0.3028508634576711
1.6 0.5418634404908766
1.7000000000000002 3.0226421792354303
1.8 12.500671414988076
1.9 41.6015841551922
2 118.50759557103821
2.1 299.70470726203956
2.2 688.0985699077528
2.3 1468.6029730539763
2.4000000000000004 2935.9370242343202
2.5 5575.543870936825
2.6 10130.271497414911
2.7 17747.936931658336
2.8 29811.878850682282
2.9000000000000004 49199.8059730618
