1 0
1.01 0
1.02 0
1.03 0
1.04 0
1.05 0
1.06 0
1.07 0
1.08 1.0445182822308581e-06
1.09 1.0288714526341795e-05
1.1 2.6794009241453002e-05
1.11 5.099940553022891e-05
1.12 8.401585590155375e-05
1.13 0.00012732319593425714
1.1400000000000001 0.00018273489293379428
1.15 0.00025241789292612763
1.16 0.00033893566199031647
1.17 0.00044530677224413867
1.18 0.0005750774330632562
1.19 0.0007324084878912687
1.2 0.0009221783894829198
1.21 0.0011501042768246917
1.22 0.001422883741029735
1.23 0.0017483602629089414
1.24 0.0021357156480188307
1.25 0.0025956930596119534
1.26 0.0031408544144619892
1.27 0.0037858758923944064
1.28 0.004547885015802991
1.29 0.00544684203634028
1.3 0.006505967023882704
1.31 0.0077522118211031
1.32 0.009216772555945354
1.33 0.01093563324852155
1.34 0.012950123660417942
1.35 0.015307464269878375
1.3599999999999999 0.01806125741122926
1.37 0.021271865504015684
1.38 0.02500659439634083
1.3900000000000001 0.02933957205734258
1.4 0.034351180887069545
1.4100000000000001 0.04012686785216154
1.42 0.04675512468914602
1.43 0.05432440767065521
1.44 0.0629187637375588
1.45 0.07261196204169516
1.46 0.08346001536568023
1.47 0.0954921335996577
1.48 0.10870039625893065
1.49 0.12302876506741474
1.5 0.13836245950377196
1.51 0.1545191320901981
1.52 0.17124361024551785
1.53 0.18820808875617365
1.54 0.20501942547941304
1.55 0.22123451687072448
1.56 0.23638361109716774
1.57 0.2500000000000001
1.58 0.26165310899859057
1.5899999999999999 0.27098095466561445
1.6 0.27771760949099633
1.6099999999999999 0.28171188077538806
1.62 0.282934796383852
1.63 0.28147536406051216
1.6400000000000001 0.27752596135558644
1.65 0.2713601708773138
1.6600000000000001 0.26330661884925755
1.67 0.25372235488306066
1.6800000000000002 0.2429686830321866
1.69 0.2313913871448861
1.7000000000000002 0.2193062643914779
1.71 0.20698999909664215
1.72 0.1946757855030873
1.73 0.18255276296287465
1.74 0.1707682190440935
1.75 0.15943157570771105
1.76 0.14861932944528575
1.77 0.13838030942551086
1.78 0.12874080802305907
1.79 0.11970930280027846
1.8 0.1112806187588287
1.81 0.10343947398652197
1.82 0.09616341504387167
1.83 0.08942518686695554
1.8399999999999999 0.08319460206901044
1.85 0.07743998198433316
1.8599999999999999 0.07212924115606298
1.87 0.06723068160408485
1.88 0.06271355548569142
1.8900000000000001 0.058548446236767554
1.9 0.05470750991077937
1.9100000000000001 0.05116461074881596
1.92 0.04789537826566267
1.9300000000000002 0.044877207394926635
1.94 0.04208921846612673
1.9500000000000002 0.03951218989821667
1.96 0.037128473373278986
1.97 0.03492189878256665
1.98 0.03287767430257607
1.99 0.03098228546103072
2 0.02922339590506066
2.01 0.027589751713811637
2.02 0.02607109044544365
2.0300000000000002 0.024658055625507325
2.04 0.02334211703124945
2.05 0.022115496873766186
2.06 0.0209711018029742
2.0700000000000003 0.019902460540310352
2.08 0.018903666866361014
2.09 0.01796932764408543
2.1 0.0170945155344048
2.1100000000000003 0.01627472605320239
2.12 0.01550583862235153
2.13 0.014784081278608297
2.14 0.01410599872037937
2.1500000000000004 0.013468423391518958
2.16 0.012868449321992948
2.17 0.012303408466452628
2.1799999999999997 0.011770849302771454
2.19 0.011268517472938323
2.2 0.010794338268059017
2.21 0.01034640077740535
2.2199999999999998 0.009922943538376779
2.23 0.009522341539865184
2.24 0.009143094445854903
2.25 0.008783815919186753
2.26 0.008443223937329285
2.27 0.008120132002803154
2.2800000000000002 0.007813441160675637
2.29 0.007522132744360663
2.3 0.007245261778905779
2.31 0.00698195097809741
2.3200000000000003 0.006731385278142587
2.33 0.006492806856457236
2.34 0.0062655105892731
2.35 0.006048839906422941
2.3600000000000003 0.0058421830058338585
2.37 0.005644969393997158
2.38 0.005456666722036777
2.39 0.005276777890005019
2.4000000000000004 0.005104838394731575
2.41 0.004940413898971165
2.42 0.004783098001766512
2.4299999999999997 0.004632510191892045
2.44 0.0044882939679937225
2.45 0.004350115110612547
2.46 0.004217660092692078
2.4699999999999998 0.004090634616440607
2.48 0.003968762265561812
2.49 0.0038517832628958745
2.5 0.003739453324439959
2.51 0.003631542601551389
2.52 0.0035278347038897647
2.5300000000000002 0.0034281257963331728
2.54 0.0033322237637166113
2.55 0.003239947437794517
2.56 0.003151125881329676
2.5700000000000003 0.0030655977246634315
2.58 0.002983210550531585
2.59 0.002903820323261481
2.6 0.0028272908588217118
2.6100000000000003 0.0027534933325007458
2.62 0.002682305821267124
2.63 0.0026136128781151227
2.64 0.0025473051359275844
2.6500000000000004 0.0024832789385952334
2.66 0.0024214359973199987
2.67 0.0023616830702019335
2.6799999999999997 0.0023039316633653145
2.69 0.0022480977520222298
2.7 0.002194101520001734
2.71 0.002141867116391371
2.7199999999999998 0.0020913224280460028
2.73 0.002042398866817889
2.74 0.0019950311704523857
2.75 0.0019491572161762956
2.76 0.0019047178460817116
2.77 0.0018616567034774856
2.7800000000000002 0.0018199200794440475
2.79 0.0017794567688855286
2.8 0.001740217935426674
2.81 0.0017021569845510898
2.8200000000000003 0.0016652294444224412
2.83 0.0016293928538716827
2.84 0.0015946066570714905
2.85 0.0015608321044541969
2.8600000000000003 0.0015280321594616693
2.87 0.0014961714107455128
2.88 0.0014652159894631323
2.89 0.001435133491340745
2.9000000000000004 0.0014058929031974688
2.91 0.0013774645336463757
2.92 0.0013498199477080764
2.9299999999999997 0.0013229319050909565
2.94 0.0012967743019089949
2.95 0.0012713221156239525
2.96 0.0012465513530131387
2.9699999999999998 0.0012224390009775014
2.98 0.0011989629800172375
2.99 0.0011761021002136703
3 0.0011538360195668285
