1 0
1.01 0
1.02 0
1.03 0
1.04 0
1.05 0
1.06 0
1.07 0
1.08 0.0004185816002112188
1.09 0.0009987449518125341
1.1 0.0015157636683683093
1.11 0.0020557619902838715
1.12 0.0026383259389041558
1.13 0.0032722101702733998
1.1400000000000001 0.003962631884677743
1.15 0.00471327234787302
1.16 0.005527019119836309
1.17 0.00640629545378624
1.18 0.007353225779009249
1.19 0.008369726974323633
1.2 0.0094575626181716
1.21 0.010618377312636873
1.22 0.011853719601340566
1.23 0.013165058011145958
1.24 0.014553792758888372
1.25 0.016021264614982104
1.26 0.01756876183479048
1.27 0.019197525733472724
1.28 0.020908755279595678
1.29 0.022703610959101308
1.3 0.024583218082693044
1.31 0.026548669658568624
1.32 0.028601028918349224
1.33 0.03074133156084999
1.34 0.03297058776222369
1.35 0.035289783989608914
1.3599999999999999 0.037699884647203794
1.37 0.040201833577675636
1.38 0.042796555437345264
1.3900000000000001 0.04548495696020848
1.4 0.0482679281232648
1.4100000000000001 0.05114634322361456
1.42 0.054121061876194636
1.43 0.0571929299397624
1.44 0.06036278037770732
1.45 0.06363143405943958
1.46 0.06699970050740622
1.47 0.07046837859421268
1.48 0.0740382571938346
1.49 0.07771011579049304
1.5 0.08148472504840619
1.51 0.0853628473453231
1.52 0.08934523727247529
1.53 0.09343264210334581
1.54 0.09762580223344602
1.55 0.10192545159310505
1.56 0.10633231803511424
1.57 0.11084712369891611
1.58 0.11547058535289996
1.5899999999999999 0.12020341471623998
1.6 0.1250463187616096
1.6099999999999999 0.12999999999999992
1.61 0.13
1.62 0.13506515674878908
1.63 0.14024248338411316
1.6400000000000001 0.14553267057853353
1.65 0.15093640552490514
1.6600000000000001 0.1564543721473077
1.67 0.16208725129982227
1.6800000000000002 0.1678357209539045
1.69 0.17370045637503603
1.7000000000000002 0.17968213028930363
1.71 0.18578141304050386
1.72 0.19199897273834265
1.73 0.19833547539825003
1.74 0.20479158507330497
1.75 0.21136796397873236
1.76 0.21806527260940786
1.77 0.22488416985076617
1.78 0.23182531308350418
1.79 0.23888935828242636
1.8 0.24607696010977465
1.81 0.2533887720033498
1.82 0.2608254462597242
1.83 0.2683876341128215
1.8399999999999999 0.27607598580812487
1.85 0.28389115067275733
1.8599999999999999 0.2918337771816652
1.87 0.2999045130201226
1.88 0.3081040051427592
1.8900000000000001 0.31643289982930556
1.9 0.3248918427372368
1.9100000000000001 0.3334814789514796
1.92 0.34220245303135505
1.9300000000000002 0.3510554090548944
1.94 0.36004099066068346
1.9500000000000002 0.36915984108735983
1.96 0.37841260321089715
1.97 0.3877999195797946
1.98 0.3973224324482782
1.99 0.4069807838076332
2 0.4167756154157577
2.01 0.4267075688250343
2.02 0.4367772854086173
2.0300000000000002 0.44698540638520723
2.04 0.45733257284240786
2.05 0.46781942575872937
2.06 0.4784466060243155
2.0700000000000003 0.48921475446046087
2.08 0.5001245118379831
2.09 0.5111765188945112
2.1 0.5223714163507462
2.1100000000000003 0.5337098449257441
2.12 0.545192445351284
2.13 0.5568198583853609
2.14 0.5685927248248491
2.1500000000000004 0.5805116855173849
2.16 0.5925773813725017
2.17 0.6047904533720736
2.1799999999999997 0.6171515425800806
2.19 0.6296612901517494
2.2 0.642320337342095
2.21 0.6551293255138952
2.2199999999999998 0.6680888961451315
2.23 0.6811996908359207
2.24 0.694462351314961
2.25 0.7078775194455312
2.26 0.7214458372310502
2.27 0.7351679468202326
2.2800000000000002 0.7490444905118537
2.29 0.7630761107591508
2.3 0.7772634501738774
2.31 0.7916071515300298
2.3200000000000003 0.8061078577672557
2.33 0.8207662119939784
2.34 0.8355828574902385
2.35 0.8505584377102735
2.3600000000000003 0.865693596284841
2.37 0.880988977023317
2.38 0.8964452239155695
2.39 0.9120629811336098
2.4000000000000004 0.9278428930330661
2.41 0.9437856041544428
2.42 0.9598917592242292
2.4299999999999997 0.976162003155821
2.44 0.9925969810502877
2.45 1.0091973381970014
2.46 1.0259637200741063
2.4699999999999998 1.042896772348874
2.48 1.0599971408779234
2.49 1.0772654717073142
2.5 1.0947024110725554
2.51 1.1123086053984819
2.52 1.1300847012990494
2.5300000000000002 1.1480313455770261
2.54 1.1661491852236072
2.55 1.1844388674179485
2.56 1.202901039526609
2.5700000000000003 1.2215363491029354
2.58 1.2403454438863764
2.59 1.2593289718017353
2.6 1.2784875809583616
2.6100000000000003 1.2978219196492826
2.62 1.3173326363502946
2.63 1.3370203797190028
2.64 1.356885798593812
2.6500000000000004 1.3769295419928815
2.66 1.3971522591130363
2.67 1.4175545993286545
2.6799999999999997 1.4381372121905043
2.69 1.4589007474245719
2.7 1.4798458549308418
2.71 1.5009731847820595
2.7199999999999998 1.5222833872224848
2.73 1.5437771126665996
2.74 1.5654550116978123
2.75 1.5873177350671386
2.76 1.6093659336918755
2.77 1.631600258654249
2.7800000000000002 1.654021361200057
2.79 1.6766298927373007
2.8 1.699426504834806
2.81 1.7224118492208396
2.8200000000000003 1.7455865777817032
2.83 1.7689513425603527
2.84 1.7925067957549783
2.85 1.8162535897176075
2.8600000000000003 1.8401923769526884
2.87 1.864323810115683
2.88 1.8886485420116526
2.89 1.9131672255938512
2.9000000000000004 1.9378805139623025
2.91 1.9627890603624125
2.92 1.987893518183535
2.9299999999999997 2.0131945409575973
2.94 2.038692782357682
2.95 2.0643888961966317
2.96 2.0902835364256704
2.9699999999999998 2.1163773571330102
2.98 2.142671012542471
2.99 2.1691651570121167
3 2.1958604450328774
