1 0
1.01 0
1.02 0
1.03 0
1.04 0
1.05 0
1.06 0
1.07 0
1.08 1.1774169637140707e-05
1.09 2.956125230163965e-05
1.1 4.72552589534614e-05
1.11 6.757458219071447e-05
1.12 9.153381750457892e-05
1.13 0.00011994909646983242
1.1400000000000001 0.0001536426218384847
1.15 0.00019350925729754202
1.16 0.0002405525638050906
1.17 0.0002959129024861716
1.18 0.00036089453500478944
1.19 0.00043699456149584473
1.2 0.0005259352545222301
1.21 0.0006297009216624251
1.22 0.000750580312300612
1.23 0.0008912155954520363
1.24 0.0010546590065991005
1.25 0.0012444383621187283
1.26 0.001464632752482905
1.27 0.001719959835577983
1.28 0.0020158762428580065
1.29 0.00235869266191597
1.3 0.002755705139134676
1.31 0.003215344012843036
1.32 0.0037473415817042563
1.33 0.004362919053813611
1.34 0.005074992399939688
1.35 0.005898395305222746
1.3599999999999999 0.006850115291320034
1.37 0.007949536032227044
1.38 0.00921867463043146
1.3900000000000001 0.010682396833858056
1.4 0.012368585519473362
1.4100000000000001 0.014308227940481855
1.42 0.016535375047866514
1.43 0.019086911742484187
1.44 0.02200206077755453
1.45 0.025321526614327777
1.46 0.029086171455375436
1.47 0.03333510822487914
1.48 0.03810310075880755
1.49 0.04341718835820156
1.5 0.04929251014869023
1.51 0.0557274042421346
1.52 0.0626980039374848
1.53 0.07015274600675202
1.54 0.07800742743185636
1.55 0.08614165894450332
1.56 0.09439770585217352
1.57 0.10258270232054946
1.58 0.11047500072589347
1.5899999999999999 0.11783493257155181
1.6 0.12441953949031889
1.6099999999999999 0.12999999999999992
1.61 0.13
1.62 0.13437972913567958
1.63 0.13741069364323652
1.6400000000000001 0.1390055434761108
1.65 0.13914375746635213
1.6600000000000001 0.13787101501764765
1.67 0.1352921776345511
1.6800000000000002 0.13155929022738347
1.69 0.12685665228611143
1.7000000000000002 0.12138516183210916
1.71 0.11534785004110241
1.72 0.10893795659451304
1.73 0.1023302338392583
1.74 0.09567557062518786
1.75 0.08909858919961254
1.76 0.08269761883304758
1.77 0.07654636665694362
1.78 0.07069664309248173
1.79 0.06518160532626542
1.8 0.060019114891886285
1.81 0.055214935189355684
1.82 0.05076560536167499
1.83 0.046660912060339906
1.8399999999999999 0.042885940483734654
1.85 0.03942272430508923
1.8599999999999999 0.03625153560009505
1.87 0.033351865441071805
1.88 0.030703147523266403
1.8900000000000001 0.02828527417519646
1.9 0.02607894862869239
1.9100000000000001 0.024065910986471525
1.92 0.022229068855040206
1.9300000000000002 0.020552557630191346
1.94 0.01902175017988755
1.9500000000000002 0.017623231241332214
1.96 0.01634474821163889
1.97 0.015175147088427446
1.98 0.014104300009857244
1.99 0.013123029051368255
2 0.012223029563496864
2.01 0.01139679529743418
2.02 0.01063754679109255
2.0300000000000002 0.009939163919382191
2.04 0.009296123100530003
2.05 0.008703439357723641
2.06 0.008156613232431198
2.0700000000000003 0.007651582409404902
2.08 0.007184677825949388
2.09 0.0067525839860739295
2.1 0.006352303173514152
2.1100000000000003 0.005981123248715966
2.12 0.005636588718103335
2.13 0.005316474775172437
2.14 0.00501876402916997
2.1500000000000004 0.004741625656171783
2.16 0.004483396727762052
2.17 0.0042425654931731735
2.1799999999999997 0.004017756410975855
2.19 0.003807716745751858
2.2 0.003611304563363845
2.21 0.0034274779753082868
2.2199999999999998 0.0032552854981422056
2.23 0.0030938574081135098
2.24 0.0029423979839417243
2.25 0.0028001785422592483
2.26 0.0026665311806154694
2.27 0.002540843152257614
2.2800000000000002 0.0024225518052249607
2.29 0.0023111400257176786
2.3 0.0022061321323150343
2.31 0.0021070901735014405
2.3200000000000003 0.002013610586188753
2.33 0.0019253211775690357
2.34 0.001841878396756923
2.35 0.001762964866342276
2.3600000000000003 0.0016882871472234842
2.37 0.0016175737129759658
2.38 0.0015505731125706422
2.39 0.0014870523025299356
2.4000000000000004 0.0014267951316273774
2.41 0.0013696009630299764
2.42 0.0013152834203762397
2.4299999999999997 0.0012636692456996432
2.44 0.001214597258367967
2.45 0.0011679174053309696
2.46 0.001123489893968131
2.4699999999999998 0.0010811843997188357
2.48 0.0010408793414715058
2.49 0.0010024612183967914
2.5 0.000965824002542782
2.51 0.000930868582075587
2.52 0.0008975022505542422
2.5300000000000002 0.0008656382380813418
2.54 0.0008351952805758855
2.55 0.0008060972237779595
2.56 0.0007782726589203846
2.5700000000000003 0.0007516545872947315
2.58 0.0007261801112014864
2.59 0.0007017901490100467
2.6 0.0006784291722664012
2.6100000000000003 0.0006560449629772841
2.62 0.0006345883893716499
2.63 0.0006140131985953751
2.64 0.0005942758249350069
2.6500000000000004 0.0005753352122926671
2.66 0.0005571526497483204
2.67 0.0005396916191488041
2.6799999999999997 0.0005229176537563293
2.69 0.0005067982070736992
2.7 0.0004913025310400293
2.71 0.00047640156286022137
2.7199999999999998 0.0004620678197943956
2.73 0.0004482753012907137
2.74 0.0004349993978969804
2.75 0.0004222168064336471
2.76 0.00040990545095385316
2.77 0.0003980444090552664
2.7800000000000002 0.0003866138431441475
2.79 0.0003755949362845487
2.8 0.0003649698322952453
2.81 0.00035472157978404104
2.8200000000000003 0.00034483407983381927
2.83 0.000335292037077312
2.84 0.00032608091391822216
2.85 0.0003171868876752611
2.8600000000000003 0.00030859681044295326
2.87 0.0003002981714789631
2.88 0.0002922790619422115
2.89 0.0002845281418194308
2.9000000000000004 0.00027703460889001735
2.91 0.00026978816959032705
2.92 0.00026277901164886003
2.9299999999999997 0.0002559977783733275
2.94 0.00024943554447929504
2.95 0.00024308379335817942
2.96 0.00023693439568976636
2.9699999999999998 0.0002309795893112628
2.98 0.00022521196026118357
2.99 0.00021962442492219644
3 0.00021421021319239025
