1 0
1.01 0
1.02 0
1.03 0
1.04 0
1.05 0
1.06 0
1.07 0
1.08 6.022508152515165e-10
1.09 2.5818197520498192e-08
1.1 1.2042161992641247e-07
1.11 3.327661870082475e-07
1.12 7.220836014865852e-07
1.13 1.3620076438041258e-06
1.1400000000000001 2.3439026589628565e-06
1.15 3.780577020603611e-06
1.16 5.810598504667917e-06
1.17 8.603376084018102e-06
1.18 1.2365175881804026e-05
1.19 1.7346260934545492e-05
1.2 2.3849376988334648e-05
1.21 3.2239848237349325e-05
1.22 4.295759819946449e-05
1.23 5.653147319875605e-05
1.24 7.359632116851515e-05
1.25 9.491336920231007e-05
1.26 0.00012139455250725533
1.27 0.00015413157879222016
1.28 0.00019443066995981876
1.29 0.0002438541123078896
1.3 0.00030426997312340816
1.31 0.0003779116122333394
1.32 0.0004674489392200757
1.33 0.0005760737487308364
1.34 0.0007076019160898204
1.35 0.0008665957615400636
1.3599999999999999 0.001058510501025295
1.37 0.0012898693988846646
1.38 0.0015684730224408406
1.3900000000000001 0.0019036488606137263
1.4 0.002306548484383102
1.4100000000000001 0.002790500349658129
1.42 0.00337142719230708
1.43 0.004068337609818697
1.44 0.004903901660641683
1.45 0.005905119834378867
1.46 0.007104093106010777
1.47 0.008538898348194246
1.48 0.010254567255606199
1.49 0.012304156950291271
1.5 0.014749885054578062
1.51 0.017664279347450518
1.52 0.02113125998195611
1.53 0.025247028388173647
1.54 0.0301205795787433
1.55 0.035873583047773036
1.56 0.04263929393747058
1.57 0.050560067550082036
1.58 0.059782971036535376
1.5899999999999999 0.07045294117655351
1.6 0.08270296443324425
1.6099999999999999 0.09664090536274629
1.62 0.1123329391496742
1.63 0.12978410239540966
1.6400000000000001 0.14891727721519638
1.65 0.1695529094324653
1.6600000000000001 0.19139276599799707
1.67 0.2140117694101376
1.6800000000000002 0.23686202794607863
1.69 0.25929224801346606
1.7000000000000002 0.2805835986253521
1.71 0.3000000000000002
1.72 0.3168473851708496
1.73 0.33053372752753074
1.74 0.3406205295176626
1.75 0.34685758596951227
1.76 0.3491959903249686
1.77 0.3477786442198793
1.78 0.3429116966588531
1.79 0.33502326086179907
1.8 0.3246168614611879
1.81 0.3122264327127476
1.82 0.2983778803824989
1.83 0.28355996600016165
1.8399999999999999 0.2682051942691008
1.85 0.25267985124901043
1.8599999999999999 0.2372814593150179
1.87 0.22224160555974193
1.88 0.2077321954658762
1.8900000000000001 0.19387350534631015
1.9 0.18074281149791088
1.9100000000000001 0.16838276639659086
1.92 0.15680902256158002
1.9300000000000002 0.14601685575155718
1.94 0.13598671372827914
1.9500000000000002 0.1266887274634785
1.96 0.11808628380972615
1.97 0.11013878683968402
1.98 0.10280374123102308
1.99 0.09603828421295274
2 0.08980027897095383
2.01 0.08404906613358243
2.02 0.07874595353562859
2.0300000000000002 0.07385450924416732
2.04 0.06934070949437994
2.05 0.06517298190460184
2.06 0.061322175060536464
2.0700000000000003 0.05776147808067627
2.08 0.05446630784925693
2.09 0.051414176972861075
2.1 0.048584551942941374
2.1100000000000003 0.04595870825863304
2.12 0.043519587204133604
2.13 0.04125165743572565
2.14 0.039140783396504536
2.1500000000000004 0.03717410174754435
2.16 0.03533990640833241
2.17 0.03362754237901202
2.1799999999999997 0.03202730822769744
2.19 0.03053036693371947
2.2 0.029128664656150702
2.21 0.027814856926726365
2.2199999999999998 0.02658224173259377
2.23 0.02542469894620586
2.24 0.024336635568997938
2.25 0.023312936276282177
2.26 0.022348918778723643
2.27 0.021440293547707403
2.2800000000000002 0.020583127485659714
2.29 0.019773811156416528
2.3 0.0190090292240031
2.31 0.018285733780025622
2.3200000000000003 0.017601120269870155
2.33 0.01695260575582953
2.34 0.016337809281051264
2.35 0.015754534121809313
2.3600000000000003 0.015200751737117962
2.37 0.01467458724422366
2.38 0.014174306266154806
2.39 0.013698303013411859
2.4000000000000004 0.013245089476186498
2.41 0.012813285616337697
2.42 0.012401610459868337
2.4299999999999997 0.012008874000954087
2.44 0.0116339698378035
2.45 0.01127586846887869
2.46 0.01093361118537989
2.4699999999999998 0.010606304502490203
2.48 0.01029311507776559
2.49 0.009993265070318799
2.5 0.009706027899149873
2.51 0.009430724363180756
2.52 0.009166719089311439
2.5300000000000002 0.00891341727817797
2.54 0.008670261720301763
2.55 0.008436730058013986
2.56 0.008212332270951667
2.5700000000000003 0.007996608365084304
2.58 0.007789126247168764
2.59 0.00758947976826987
2.6 0.00739728692154521
2.6100000000000003 0.007212188180896301
2.62 0.007033844968348173
2.63 0.006861938239154318
2.64 0.00669616717464447
2.6500000000000004 0.006536247973752248
2.66 0.006381912734987998
2.67 0.006232908421370531
2.6799999999999997 0.006088995901504883
2.69 0.005949949060603591
2.7 0.005815553975799037
2.71 0.005685608150592966
2.7199999999999998 0.005559919803739812
2.73 0.005438307208269112
2.74 0.005320598076722481
2.75 0.005206628989016002
2.76 0.005096244859644112
2.77 0.004989298441217594
2.7800000000000002 0.004885649861580004
2.79 0.004785166191975587
2.8 0.00468772104395023
2.81 0.00459319419285664
2.8200000000000003 0.004501471226007785
2.83 0.004412443213680431
2.84 0.004326006401314536
2.85 0.00424206192138572
2.8600000000000003 0.004160515523548116
2.87 0.0040812773217547725
2.88 0.004004261557163256
2.89 0.003929386375726363
2.9000000000000004 0.003856573619451684
2.91 0.003785748630391702
2.92 0.003716840066496353
2.9299999999999997 0.0036497797285257212
2.94 0.0035845023972797315
2.95 0.003520945680457114
2.96 0.0034590498685061117
2.9699999999999998 0.0033987577988760565
2.98 0.003340014728121672
2.99 0.003282768211351485
3 0.003226967988547794
