1 0
1.1 1.2066434571567426e-06
1.2 0.0001454941596684254
1.3 0.0010213253619318298
1.4 0.003875607974855415
1.5 0.012792136928211722
1.6 0.05216347758539161
1.7000000000000002 0.25033290809897446
1.71 0.2922590684734201
1.8 0.9900321484471885
1.9 2.955705041807846
2 7.79179638186761
2.1 18.87525356957167
2.2 42.382637023260735
2.3 89.36442814135428
2.4000000000000004 177.48853310746895
2.5 336.4132986380487
2.6 610.4594210309456
2.7 1067.8517786457105
2.8 1797.6749991337285
2.9000000000000004 2968.052122144636
