1 0
1.01 0
1.02 0
1.03 0
1.04 0
1.05 0
1.06 0
1.07 0
1.08 1.8723570779816692e-06
1.09 4.627813087786772e-06
1.1 7.280036007605898e-06
1.11 1.0240691078617135e-05
1.12 1.3640128417573635e-05
1.13 1.7569109208708954e-05
1.1400000000000001 2.2110662498938572e-05
1.15 2.7349357844845016e-05
1.16 3.337533277543102e-05
1.17 4.02866991423043e-05
1.18 4.819140007763139e-05
1.19 5.720891511992928e-05
1.2 6.747199193526822e-05
1.21 7.912850197158518e-05
1.22 9.234348548561005e-05
1.23 0.00010730143945972922
1.24 0.00012420889919096312
1.25 0.00014329736646407444
1.26 0.00016482664241119702
1.27 0.00018908863068213376
1.28 0.0002164116861787341
1.29 0.00024716559638637126
1.3 0.0002817672964723512
1.31 0.00032068743614334394
1.32 0.00036445793619688797
1.33 0.0004136806963085811
1.34 0.0004690376435267481
1.35 0.0005313023439926825
1.3599999999999999 0.0006013534395120608
1.37 0.0006801902168938115
1.38 0.0007689506727731381
1.3900000000000001 0.0008689325015076724
1.4 0.0009816175105098336
1.4100000000000001 0.0011087000581861725
1.42 0.00125212021695747
1.43 0.0014141024904477419
1.44 0.0015972010630287328
1.45 0.0018043527349997156
1.46 0.002038938901543798
1.47 0.002304858172124883
1.48 0.0026066115029185597
1.49 0.0029494020313571494
1.5 0.003339252160753473
1.51 0.0037831408436617988
1.52 0.004289164450418259
1.53 0.0048667250727843624
1.54 0.005526750579984699
1.55 0.006281951178026505
1.56 0.007147117561749657
1.57 0.008139465896779254
1.58 0.009279034679976476
1.5899999999999999 0.010589137786461415
1.6 0.01209687640586971
1.6099999999999999 0.013833709655308
1.62 0.01583607881255352
1.63 0.018146072500047437
1.6400000000000001 0.02081210866046245
1.65 0.023889592392798947
1.6600000000000001 0.027441484974666995
1.67 0.03153868681350101
1.6800000000000002 0.0362600938767895
1.69 0.04169213224267854
1.7000000000000002 0.047927509360255735
1.71 0.055062847312306706
1.72 0.0631947924800008
1.73 0.0724141460702161
1.74 0.08279756182568732
1.75 0.09439645628363394
1.76 0.10722303151876772
1.77 0.12123378198971792
1.78 0.136311587844319
1.79 0.1522484698161853
1.8 0.16873216812761457
1.81 0.18534062654799616
1.82 0.20154877375171965
1.83 0.21675119404277973
1.8399999999999999 0.23030201312323126
1.85 0.24156967511231847
1.8599999999999999 0.24999999999999983
1.86 0.24999999999999994
1.87 0.2551773443068542
1.88 0.25687236181903406
1.8900000000000001 0.25506672539282765
1.9 0.24994998569067975
1.9100000000000001 0.24189001799183826
1.92 0.23138413046501616
1.9300000000000002 0.21900111866952857
1.94 0.2053246912448954
1.9500000000000002 0.19090630490222144
1.96 0.17623180452608808
1.97 0.1617026874231495
1.98 0.1476301795304978
1.99 0.13423892257884645
2 0.12167677085907355
2.01 0.11002761543484156
2.02 0.09932490931314907
2.0300000000000002 0.08956437175370292
2.04 0.08071503872458213
2.05 0.07272833620151072
2.06 0.06554518493621349
2.0700000000000003 0.05910133215462861
2.08 0.05333118859783523
2.09 0.048170465857832065
2.1 0.043557888038301115
2.1100000000000003 0.03943621335451516
2.12 0.03575275784113056
2.13 0.03245957183198483
2.14 0.029513383630152396
2.1500000000000004 0.02687539489311173
2.16 0.02451098858290028
2.17 0.02238939215323662
2.1799999999999997 0.020483325037133075
2.19 0.018768649532896343
2.2 0.017224037036973283
2.21 0.015830656547968582
2.2199999999999998 0.014571888914258238
2.23 0.013433067988521308
2.24 0.012401248360525575
2.25 0.011464998422174077
2.26 0.010614216998491107
2.27 0.009839971526529632
2.2800000000000002 0.009134355689592399
2.29 0.008490364452282118
2.3 0.00790178454807629
2.31 0.007363098614895362
2.3200000000000003 0.006869401335136584
2.33 0.006416326101623779
2.34 0.005999980891564324
2.35 0.005616892181988774
2.3600000000000003 0.005263955879648792
2.37 0.0049383943648535706
2.38 0.004637718862097023
2.39 0.00435969645103086
2.4000000000000004 0.0041023211201862055
2.41 0.00386378834382761
2.42 0.003642472730496324
2.4299999999999997 0.0034369083512150725
2.44 0.003245771406991682
2.45 0.003067864940106897
2.46 0.002902105332554097
2.4699999999999998 0.0027475103686811957
2.48 0.0026031886682475465
2.49 0.0024683303213512914
2.5 0.0023421985785324908
2.51 0.002224122468272581
2.52 0.0021134902304913144
2.5300000000000002 0.002009743468833899
2.54 0.0019123719368432843
2.55 0.0018209088837838473
2.56 0.0017349268951460236
2.5700000000000003 0.0016540341709090317
2.58 0.0015778711916362076
2.59 0.0015061077285671136
2.6 0.0014384401591753689
2.6100000000000003 0.0013745890542865137
2.62 0.0013142970068872938
2.63 0.0012573266762850917
2.64 0.0012034590243610941
2.6500000000000004 0.0011524917233617163
2.66 0.0011042377170399744
2.67 0.0010585239190354764
2.6799999999999997 0.001015190034205832
2.69 0.0009740874902261744
2.7 0.0009350784681852478
2.71 0.0008980350221503869
2.7199999999999998 0.0008628382787709356
2.73 0.0008293777089584661
2.74 0.000797550464538513
2.75 0.0007672607735262878
2.76 0.0007384193883500298
2.77 0.0007109430819407632
2.7800000000000002 0.0006847541871355048
2.79 0.0006597801753101907
2.8 0.0006359532705761111
2.81 0.0006132100962451542
2.8200000000000003 0.0005914913506003506
2.83 0.0005707415093035614
2.84 0.0005509085520359146
2.85 0.000531943711202294
2.8600000000000003 0.0005138012407420145
2.87 0.0004964382032766402
2.88 0.0004798142739950655
2.89 0.00046389155982779634
2.9000000000000004 0.0004486344325985827
2.91 0.0004340093749640543
2.92 0.0004199848380621039
2.9299999999999997 0.0004065311098889426
2.94 0.00039362019351404427
2.95 0.0003812256943227467
2.96 0.0003693227155489707
2.9699999999999998 0.00035788776142615535
2.98 0.00034689864734386465
2.99 0.0003363344164512015
3 0.0003261752621967539
