1 0
1.01 0
1.02 0
1.03 0
1.04 0
1.05 0
1.06 0
1.07 0
1.08 4.4504495829060466e-14
1.09 8.476133618811729e-12
1.1 7.227296463696868e-11
1.11 2.9591679886494267e-10
1.12 8.631257860925093e-10
1.13 2.0675979228332657e-09
1.1400000000000001 4.352851120605598e-09
1.15 8.362924281968888e-09
1.16 1.5006285273059378e-08
1.17 2.553583917135893e-08
1.18 4.1648556772935314e-08
1.19 6.56089897899561e-08
1.2 1.0040183788426791e-07
1.21 1.4991981871552916e-07
1.22 2.1919440686260804e-07
1.23 3.1467860077275373e-07
1.24 4.4459280972270816e-07
1.25 6.19347299672922e-07
1.26 8.52057489239007e-07
1.27 1.1591718569955075e-06
1.28 1.561236446921917e-06
1.29 2.083825109832992e-06
1.3 2.7586709044356518e-06
1.31 3.6250417605422865e-06
1.32 4.7314128980842985e-06
1.33 6.13749999362337e-06
1.34 7.916731179756712e-06
1.35 1.0159253257837059e-05
1.3599999999999999 1.2975588752123592e-05
1.37 1.6501086566658908e-05
1.38 2.090134118375443e-05
1.3900000000000001 2.637879500562939e-05
1.4 3.3180787380050616e-05
1.4100000000000001 4.160937429516811e-05
1.42 5.203331744951579e-05
1.43 6.49027338458637e-05
1.44 8.07670115022398e-05
1.45 0.0001002967386301834
1.46 0.0001243105692749937
1.47 0.00015380816606789472
1.48 0.00019001063040310575
1.49 0.00023441016427136406
1.5 0.0002888311210658085
1.51 0.00035550511292744896
1.52 0.0004371634711064374
1.53 0.0005371511286501602
1.54 0.0006595669405732032
1.55 0.000809436607972647
1.56 0.0009929257638577815
1.57 0.0012176024436509395
1.58 0.00149276013057468
1.5899999999999999 0.0018298148492507766
1.6 0.0022427923648171547
1.6099999999999999 0.002748924363130632
1.62 0.0033693753866574088
1.63 0.004130124986876863
1.6400000000000001 0.005063031515994756
1.65 0.0062071043787268534
1.6600000000000001 0.007610009079933562
1.67 0.009329822041739353
1.6800000000000002 0.01143703701870184
1.69 0.014016797944088418
1.7000000000000002 0.017171288769185666
1.71 0.021022142527363737
1.72 0.025712631776068487
1.73 0.03140926347412876
1.74 0.038302219201854386
1.75 0.04660386066726138
1.76 0.05654428109893786
1.77 0.06836267275938848
1.78 0.08229318532243188
1.79 0.09854410086006653
1.8 0.11726971840073061
1.81 0.1385354949597689
1.82 0.16227882063098126
1.83 0.1882701970349488
1.8399999999999999 0.21608208509587679
1.85 0.24507443485205302
1.8599999999999999 0.27440579112792685
1.87 0.30307592566625924
1.88 0.32999999999999946
1.8800000000000001 0.33000000000000007
1.8900000000000001 0.3541064350171488
1.9 0.374443347748626
1.9100000000000001 0.3902744542044394
1.92 0.40114665320020937
1.9300000000000002 0.40691798873249896
1.94 0.4077440964587393
1.9500000000000002 0.40403027253005613
1.96 0.3963621711185934
1.97 0.38542967756114643
1.98 0.3719563043114081
1.99 0.3566421573265823
2 0.3401238838105891
2.01 0.3229512728854998
2.02 0.30557785121833986
2.0300000000000002 0.2883618336910092
2.04 0.27157379211913574
2.05 0.2554079679999203
2.06 0.23999492994500599
2.0700000000000003 0.225414036930158
2.08 0.21170480069840122
2.09 0.19887670940776722
2.1 0.18691738986545386
2.1100000000000003 0.17579917708946738
2.12 0.165484261203328
2.13 0.15592862271907215
2.14 0.14708497139332113
2.1500000000000004 0.13890488762338815
2.16 0.13134033972874065
2.17 0.12434472215344343
2.1799999999999997 0.11787353240464436
2.19 0.1118847802729475
2.2 0.10633920225335114
2.21 0.10120033712505283
2.2199999999999998 0.09643450503900547
2.23 0.09201072174503533
2.24 0.08790057127758169
2.25 0.08407805405242956
2.26 0.08051942250429497
2.27 0.07720301277925197
2.2800000000000002 0.07410907831138681
2.29 0.07121962913991572
2.3 0.06851827938852292
2.31 0.06599010429883048
2.3200000000000003 0.06362150748168671
2.33 0.06140009854490606
2.34 0.05931458091483423
2.35 0.05735464944703711
2.3600000000000003 0.05551089728517381
2.37 0.05377473135194292
2.38 0.05213829582359866
2.39 0.05059440293648092
2.4000000000000004 0.0491364704905241
2.41 0.04775846544372072
2.42 0.046454853027980185
2.4299999999999997 0.045220550857149926
2.44 0.04405088753969695
2.45 0.04294156534999275
2.46 0.041888626552191006
2.4699999999999998 0.04088842300866505
2.48 0.03993758874046739
2.49 0.03903301514010417
2.5 0.0381718285670461
2.51 0.03735137008385593
2.52 0.03656917711573169
2.5300000000000002 0.03582296683877409
2.54 0.035110621122567624
2.55 0.0344301728708905
2.56 0.033779793620710576
2.5700000000000003 0.033157782274264885
2.58 0.032562554852112305
2.59 0.03199263516675257
2.6 0.03144664632685903
2.6100000000000003 0.030923302991505613
2.62 0.030421404302101645
2.63 0.029939827427185844
2.64 0.029477521661870818
2.6500000000000004 0.029033503029657355
2.66 0.028606849339632458
2.67 0.028196695656795067
2.6799999999999997 0.02780223014748048
2.69 0.02742269026563435
2.7 0.02705735924906872
2.71 0.026705562897858966
2.7199999999999998 0.026366666609752426
2.73 0.026040072649887253
2.74 0.02572521763430061
2.75 0.02542157020865907
2.76 0.025128628905400408
2.77 0.024845920164053552
2.7800000000000002 0.024572996500922678
2.79 0.02430943481559708
2.8 0.02405483482289972
2.81 0.02380881759992351
2.8200000000000003 0.0235710242387378
2.83 0.0233411145961933
2.84 0.023118766133013877
2.85 0.022903672835054355
2.8600000000000003 0.022695544210224905
2.87 0.0224941043551489
2.88 0.022299091086129787
2.89 0.022110255129469285
2.9000000000000004 0.02192735936659626
2.91 0.021750178129850906
2.92 0.021578496545112777
2.9299999999999997 0.02141210991777967
2.94 0.021250823158889487
2.95 0.021094450248439627
2.96 0.02094281373319676
2.9699999999999998 0.02079574425650705
2.98 0.02065308011781541
2.99 0.020514666859783745
3 0.020380356881062687
