1 0
1.01 0
1.02 0
1.03 0
1.04 0
1.05 0
1.06 0
1.07 0
1.08 6.953699881583816e-08
1.09 6.642715258366473e-07
1.1 1.6769393792898943e-06
1.11 3.0927601172821318e-06
1.12 4.934533956268541e-06
1.13 7.239268634878363e-06
1.1400000000000001 1.0053237322633145e-05
1.15 1.3430548783441631e-05
1.16 1.7432884275017076e-05
1.17 2.212975875957914e-05
1.18 2.7599082732720188e-05
1.19 3.392793791609342e-05
1.2 4.121353423126758e-05
1.21 4.956434051812689e-05
1.22 5.9101394966310575e-05
1.23 6.99598098392431e-05
1.24 8.229049160624347e-05
1.25 9.626210338858295e-05
1.26 0.00011206330237378308
1.27 0.00012990529098697858
1.28 0.0001500247274360714
1.29 0.0001726870490292158
1.3 0.0001981902706520464
1.31 0.00022686933125731884
1.32 0.00025910107346347746
1.33 0.0002953099557300427
1.34 0.00033597461348594906
1.35 0.0003816354055159606
1.3599999999999999 0.0004329031054346783
1.37 0.0004904689258811558
1.38 0.0005551160959641684
1.3900000000000001 0.0006277332514487681
1.4 0.0007093299433532984
1.4100000000000001 0.0008010546253955942
1.42 0.00090421554571587
1.43 0.0010203050454399302
1.44 0.0011510278582016447
1.45 0.0012983341133856394
1.46 0.0014644578746882072
1.47 0.0016519621982213988
1.48 0.0018637918749101385
1.49 0.002103335234979309
1.5 0.0023744966429894913
1.51 0.0026817816055915186
1.52 0.0030303967564525624
1.53 0.0034263673788136354
1.54 0.0038766755798945777
1.55 0.004389422744544206
1.56 0.00497402046556834
1.57 0.00564141476533893
1.58 0.006404349066394088
1.5899999999999999 0.007277671998704497
1.6 0.00827869668186877
1.6099999999999999 0.00942761848501822
1.62 0.010747998279824957
1.63 0.012267317611877725
1.6400000000000001 0.014017610652136487
1.65 0.016036174716946065
1.6600000000000001 0.018366355803036357
1.67 0.021058396923274072
1.6800000000000002 0.024170323637676055
1.69 0.027768821218258646
1.7000000000000002 0.031930029093926594
1.71 0.036740137971448546
1.72 0.04229562064289704
1.73 0.04870285689085266
1.74 0.056076825857100554
1.75 0.0645384394725757
1.76 0.07420998898094737
1.77 0.08520809579145619
1.78 0.09763353721317082
1.79 0.11155741734528277
1.8 0.1270034543659086
1.81 0.14392674801350902
1.82 0.16219034543806593
1.83 0.18154223561206723
1.8399999999999999 0.2015969177165052
1.85 0.22182703018485342
1.8599999999999999 0.24157107983499965
1.87 0.2600623412874832
1.88 0.27648095576856907
1.8900000000000001 0.2900262139460297
1.9 0.3
1.9000000000000001 0.29999999999999993
1.9100000000000001 0.3058873650725686
1.92 0.307418403527093
1.9300000000000002 0.30459838994827054
1.94 0.29770008398936765
1.9500000000000002 0.28722096985523066
1.96 0.273815869412139
1.97 0.2582193979973253
1.98 0.2411723631115899
1.99 0.22336242898491865
2 0.20538412122856042
2.01 0.1877183884730796
2.02 0.17072859849891833
2.0300000000000002 0.15466829328942658
2.04 0.13969592790986646
2.05 0.12589260035088615
2.06 0.11327990805868439
2.0700000000000003 0.10183617233020142
2.08 0.09151016445821222
2.09 0.08223209322039317
2.1 0.07392199607151052
2.1100000000000003 0.0664958726135155
2.12 0.0598699688291121
2.13 0.0539636146380295
2.14 0.04870097227281169
2.1500000000000004 0.04401199270056125
2.16 0.03983281586430926
2.17 0.03610579506828732
2.1799999999999997 0.03277927927099405
2.19 0.02980724980599881
2.2 0.027148879307604814
2.21 0.024768059058110994
2.2199999999999998 0.0226329251861319
2.23 0.020715402836490853
2.24 0.018990779504236777
2.25 0.01743731329424987
2.26 0.016035878246046437
2.27 0.014769646529737019
2.2800000000000002 0.013623805886900122
2.29 0.012585309877231264
2.3 0.011642658095402237
2.31 0.010785703398888924
2.3200000000000003 0.010005483236153745
2.33 0.009294072316362218
2.34 0.008644454069984495
2.35 0.008050408583188137
2.3600000000000003 0.007506414927898239
2.37 0.0070075660414185914
2.38 0.006549494527376615
2.39 0.006128307949729512
2.4000000000000004 0.005740532372168182
2.41 0.005383063056422825
2.42 0.005053121375526134
2.4299999999999997 0.004748217123325373
2.44 0.0044661155109931875
2.45 0.004204808236580229
2.46 0.003962488096366214
2.4699999999999998 0.0037375266784011544
2.48 0.003528454740567073
2.49 0.003333944928982913
2.5 0.00315279653873956
2.51 0.0029839220587733473
2.52 0.002826335277031675
2.5300000000000002 0.0026791407517077876
2.54 0.0025415244798788956
2.55 0.0024127456169398542
2.56 0.002292129119272135
2.5700000000000003 0.002179059199046804
2.58 0.002072973494292458
2.59 0.0019733578696759326
2.6 0.0018797417741120946
2.6100000000000003 0.0017916940905683243
2.62 0.001708819421455847
2.63 0.001630754759972862
2.64 0.0015571665038276088
2.6500000000000004 0.0014877477730477237
2.66 0.0014222159981818164
2.67 0.0013603107492120173
2.6799999999999997 0.0013017917790007195
2.69 0.0012464372581589833
2.7 0.001194042180906093
2.71 0.0011444169238401258
2.7199999999999998 0.001097385941601211
2.73 0.0010527865852200016
2.74 0.001010468030536001
2.75 0.0009702903054718125
2.76 0.0009321234061842594
2.77 0.0008958464932026971
2.7800000000000002 0.0008613471596268493
2.79 0.0008285207643069519
2.8 0.0007972698236817161
2.81 0.0007675034566164527
2.8200000000000003 0.0007391368771750623
2.83 0.0007120909307847045
2.84 0.0006862916697185216
2.85 0.0006616699642369915
2.8600000000000003 0.0006381611460980515
2.87 0.0006157046814757505
2.88 0.0005942438706211543
2.89 0.0005737255718618965
2.9000000000000004 0.0005540999477714879
2.91 0.0005353202315496495
2.92 0.0005173425118430453
2.9299999999999997 0.0005001255344045851
2.94 0.00048363051914076475
2.95 0.00046782099123255196
2.96 0.00045266262513750366
2.9699999999999998 0.0004381231003908125
2.98 0.0004241719682219911
2.99 0.00041078052809317994
3 0.00039792171334554396
