1 0
1.01 0
1.02 0
1.03 0
1.04 0
1.05 0
1.06 0
1.07 0
1.08 2.9171756892476165e-08
1.09 2.812143633443283e-07
1.1 7.163472808225966e-07
1.11 1.333017986022213e-06
1.12 2.145796374400501e-06
1.13 3.175840291449191e-06
1.1400000000000001 4.448979600257165e-06
1.15 5.9952539283520995e-06
1.16 7.848942212746631e-06
1.17 1.004882349229072e-05
1.18 1.2638580396678528e-05
1.19 1.5667313111234837e-05
1.2 1.919015410887938e-05
1.21 2.3268984639862258e-05
1.22 2.7973260059119314e-05
1.23 3.3380955276544854e-05
1.24 3.957964510214326e-05
1.25 4.666773758718354e-05
1.26 5.475588194488556e-05
1.27 6.396857647363481e-05
1.28 7.444600626306217e-05
1.29 8.634614548763298e-05
1.3 9.984716493843862e-05
1.31 0.00011515019228347113
1.32 0.00013248248057755728
1.33 0.00015210104999731727
1.34 0.00017429687892903686
1.35 0.00019939973371597527
1.3599999999999999 0.00022778374196837098
1.37 0.000259873832823898
1.38 0.0002961531894819943
1.3900000000000001 0.0003371718853987335
1.4 0.0003835569065319042
1.4100000000000001 0.0004360237989444103
1.42 0.0004953902250788534
1.43 0.0005625917645125037
1.44 0.0006387003576729365
1.45 0.0007249458658544728
1.46 0.0008227413103267217
1.47 0.000933712460226853
1.48 0.0010597325666601147
1.49 0.001202963192981704
1.5 0.001365902273249233
1.51 0.0015514407476962938
1.52 0.0017629293819125204
1.53 0.002004257682072781
1.54 0.0022799471794771884
1.55 0.002595261781582938
1.56 0.002956338381116917
1.57 0.0033703414860401645
1.58 0.0038456462846103486
1.5899999999999999 0.004392055289819201
1.6 0.005021054505222245
1.6099999999999999 0.005746115893816344
1.62 0.006583053763655353
1.63 0.007550443422306988
1.6400000000000001 0.008670110956038113
1.65 0.009967703036527836
1.6600000000000001 0.01147334490812304
1.67 0.013222392655498646
1.6800000000000002 0.0152562817572885
1.69 0.017623466746803224
1.7000000000000002 0.020380435073802477
1.71 0.02359276004257081
1.72 0.027336130481014943
1.73 0.031697255519575133
1.74 0.03677448813206485
1.75 0.04267793772613975
1.76 0.049528748239311804
1.77 0.057457105508112574
1.78 0.06659841457217726
1.79 0.07708697424985937
1.8 0.0890464109446028
1.81 0.10257617840067461
1.82 0.11773367357300091
1.83 0.1345120678731276
1.8399999999999999 0.1528149055272952
1.85 0.17242990861594543
1.8599999999999999 0.193006131937889
1.87 0.21404026577562002
1.88 0.2348788391228105
1.8900000000000001 0.2547424875051569
1.9 0.2727755958972657
1.9100000000000001 0.2881194007203881
1.92 0.30000000000000004
1.9300000000000002 0.3078167590388321
1.94 0.31121384840654115
1.9500000000000002 0.3101198707183697
1.96 0.3047475630332017
1.97 0.295555110456102
1.98 0.283179264816422
1.99 0.2683553742518297
2 0.25183955770160665
2.01 0.23434453592588814
2.02 0.2164951198160825
2.0300000000000002 0.198804112546792
2.04 0.18166568758149282
2.05 0.16536150641015923
2.06 0.15007461481872209
2.0700000000000003 0.13590690441716294
2.08 0.12289707413090424
2.09 0.11103717401727796
2.1 0.10028675197043015
2.1100000000000003 0.09058428878865646
2.12 0.08185601968459745
2.13 0.07402245737857963
2.14 0.06700301539299243
2.1500000000000004 0.06071913247787044
2.16 0.05509625863409054
2.17 0.05006500517778867
2.1799999999999997 0.04556170064483105
2.19 0.041528538864078084
2.2 0.03791345851034699
2.21 0.03466985555114819
2.2199999999999998 0.03175620055202597
2.23 0.029135610563344766
2.24 0.026775408906298225
2.25 0.024646694328567507
2.26 0.022723932615172006
2.27 0.02098457792854672
2.2800000000000002 0.019408727217782477
2.29 0.017978808449831015
2.3 0.01667930177930222
2.31 0.015496491797580073
2.3200000000000003 0.014418248476072437
2.33 0.013433834192385755
2.34 0.012533734196298598
2.35 0.011709507961066635
2.3600000000000003 0.010953659024456334
2.37 0.010259521119095035
2.38 0.009621158600952797
2.39 0.009033279393817767
2.4000000000000004 0.008491158867831682
2.41 0.007990573256607594
2.42 0.0075277413877612226
2.4299999999999997 0.007099273655074075
2.44 0.0067021272972224225
2.45 0.006333567168908931
2.46 0.005991131296515406
2.4699999999999998 0.005672600603399451
2.48 0.005375972271060354
2.49 0.005099436272936675
2.5 0.0048413546788282375
2.51 0.004600243381009014
2.52 0.00437475593905785
2.5300000000000002 0.004163669280208841
2.54 0.003965871026434243
2.55 0.0037803482492412975
2.56 0.0036061774789192384
2.5700000000000003 0.003442515817262241
2.58 0.0032885930220928265
2.59 0.003143704448628935
2.6 0.003007204747230827
2.6100000000000003 0.002878502229637041
2.62 0.002757053826714856
2.63 0.0026423605702369994
2.64 0.002533963539447174
2.6500000000000004 0.002431440220360738
2.66 0.0023344012320070133
2.67 0.0022424873792817085
2.6799999999999997 0.0021553669968472195
2.69 0.0020727335526885948
2.7 0.001994303483582057
2.71 0.0019198142379303776
2.7199999999999998 0.0018490225042235209
2.73 0.0017817026058453088
2.74 0.0017176450451111818
2.75 0.0016566551813266752
2.76 0.001598552029334071
2.77 0.0015431671664943652
2.7800000000000002 0.0014903437373580018
2.79 0.0014399355464323562
2.8 0.0013918062304755165
2.81 0.0013458285026506814
2.8200000000000003 0.001301883461677617
2.83 0.001259859959829704
2.84 0.0012196540242576934
2.85 0.0011811683266839898
2.8600000000000003 0.0011443116970121618
2.87 0.0011089986768429059
2.88 0.0010751491092858981
2.89 0.0010426877618127264
2.9000000000000004 0.0010115439792138601
2.91 0.0009816513640072222
2.92 0.0009529474819004726
2.9299999999999997 0.0009253735901376313
2.94 0.0008988743867654105
2.95 0.0008733977790386987
2.96 0.0008488946693499783
2.9699999999999998 0.0008253187572162795
2.98 0.0008026263559912537
2.99 0.0007807762230907042
3 0.0007597294026287978
