1 0
1.01 0
1.02 0
1.03 0
1.04 0
1.05 0
1.06 0
1.07 0
1.08 9.2048107348887e-12
1.09 3.9747926902898686e-10
1.1 1.8666725145640256e-09
1.11 5.191569623558181e-09
1.12 1.1333397544898929e-08
1.13 2.149706419608325e-08
1.1400000000000001 3.7185733908766585e-08
1.15 6.02613073284367e-08
1.16 9.301386371122642e-08
1.17 1.3824227209770738e-07
1.18 1.9934813728365255e-07
1.19 2.8044545860527226e-07
1.2 3.864887183737916e-07
1.21 5.234225517171535e-07
1.22 6.983566785498909e-07
1.23 9.197704107514464e-07
1.24 1.197751799185932e-06
1.25 1.5442773768500885e-06
1.26 1.97353951220197e-06
1.27 2.5023296423198078e-06
1.28 3.1504871473897997e-06
1.29 3.941425402570742e-06
1.3 4.902748656679977e-06
1.31 6.066975907314186e-06
1.32 7.4723909512244185e-06
1.33 9.16404138675745e-06
1.34 1.1194913653075625e-05
1.35 1.3627316355935055e-05
1.3599999999999999 1.6534510331322124e-05
1.37 2.000263135478432e-05
1.38 2.41329603826405e-05
1.3900000000000001 2.9044607037503233e-05
1.4 3.4877685123704844e-05
1.4100000000000001 4.179707476716389e-05
1.42 4.99968849184462e-05
1.43 5.970575317329496e-05
1.44 7.119314805591516e-05
1.45 8.477687318864715e-05
1.46 0.00010083201450495851
1.47 0.00011980162253392853
1.48 0.00014220948386465968
1.49 0.00016867541173636535
1.5 0.00019993357842706198
1.51 0.00023685452557829328
1.52 0.0002804716275122222
1.53 0.0003320129527398221
1.54 0.00039293967725665345
1.55 0.0004649924584076496
1.56 0.0005502474903625057
1.57 0.0006511843438821619
1.58 0.0007707681586243798
1.5899999999999999 0.0009125493226765163
1.6 0.0010807844606259105
1.6099999999999999 0.0012805833796009876
1.62 0.0015180876147417588
1.63 0.0018006873930970842
1.6400000000000001 0.0021372852154240944
1.65 0.002538615846219049
1.6600000000000001 0.0030176342915094532
1.67 0.0035899852849166835
1.6800000000000002 0.004274569790865863
1.69 0.005094225872125179
1.7000000000000002 0.0060765426146041
1.71 0.007254826093116273
1.72 0.00866923471081399
1.73 0.010368096300742499
1.74 0.012409409146134094
1.75 0.014862510711935123
1.76 0.01780986748306483
1.77 0.021348891790568224
1.78 0.025593620707402794
1.79 0.030675991360306017
1.8 0.036746310736798196
1.81 0.043972344827262894
1.82 0.05253624986328649
1.83 0.06262836351321431
1.8399999999999999 0.07443672102835298
1.85 0.08813115537883932
1.8599999999999999 0.10384112135544837
1.87 0.12162712352165866
1.88 0.14144698309602108
1.8900000000000001 0.16312019249610402
1.9 0.18629606602877222
1.9100000000000001 0.21043369482103205
1.92 0.234802829010402
1.9300000000000002 0.25851353058133464
1.94 0.28057793362789407
1.95 0.3
1.9500000000000002 0.30000000000000027
1.96 0.3158806388672311
1.97 0.3275190852117916
1.98 0.334490047179235
1.99 0.33668109918462474
2 0.33428463654332236
2.01 0.3277497758449647
2.02 0.31770792905533074
2.0300000000000002 0.30488903644565624
2.04 0.2900436368096087
2.05 0.2738809234259527
2.06 0.2570270703181999
2.0700000000000003 0.24000325951977236
2.08 0.22321984050039928
2.09 0.2069818808941756
2.1 0.19150151941728916
2.1100000000000003 0.1769133992068852
2.12 0.16329055119836536
2.13 0.15065910852688041
2.14 0.13901102667808254
2.1500000000000004 0.12831453410293112
2.16 0.11852237634824497
2.17 0.10957809606681747
2.1799999999999997 0.10142066347158603
2.19 0.09398777893940637
2.2 0.08721814174291859
2.21 0.08105293602375964
2.2199999999999998 0.07543673889902956
2.23 0.07031801232748494
2.24 0.06564930289103073
2.25 0.06138724277128354
2.26 0.057492420634859306
2.27 0.05392917210235762
2.2800000000000002 0.05066532502573484
2.29 0.0476719240209391
2.3 0.0449229507873667
2.31 0.042395051016772774
2.3200000000000003 0.04006727460832204
2.33 0.03792083303833178
2.34 0.0359388757568767
2.35 0.03410628615262234
2.3600000000000003 0.03240949675851361
2.37 0.030836322828929306
2.38 0.029375813104774138
2.39 0.028018116425143725
2.4000000000000004 0.026754362791337624
2.41 0.025576557504611512
2.42 0.024477487057502953
2.4299999999999997 0.02345063554199683
2.44 0.02249011043403781
2.45 0.021590576714767176
2.46 0.020747198389029147
2.4699999999999998 0.0199555865578241
2.48 0.01921175329152192
2.49 0.018512070633772103
2.5 0.017853234141782123
2.51 0.017232230437001075
2.52 0.016646308301536468
2.5300000000000002 0.01609295291028045
2.54 0.015569862837247985
2.55 0.015074929517582035
2.56 0.01460621888460314
2.5700000000000003 0.014161954934703291
2.58 0.013740505002297208
2.59 0.01334036655290438
2.6 0.012960155325156852
2.6100000000000003 0.012598594672482748
2.62 0.012254505972738037
2.63 0.011926799989446828
2.64 0.011614469081823852
2.6500000000000004 0.011316580172625405
2.66 0.01103226839330926
2.67 0.010760731335159967
2.6799999999999997 0.010501223843108486
2.69 0.010253053296083014
2.7 0.010015575323990054
2.71 0.009788189916946088
2.7199999999999998 0.009570337887253097
2.73 0.009361497648913393
2.74 0.009161182283283432
2.75 0.008968936862830932
2.76 0.008784336007939104
2.77 0.00860698165434305
2.7800000000000002 0.00843650101112597
2.79 0.008272544691282909
2.8 0.00811478499870899
2.81 0.007962914357113975
2.8200000000000003 0.007816643867829327
2.83 0.007675701984780062
2.84 0.007539833296057536
2.85 0.007408797402570647
2.8600000000000003 0.0072823678851812925
2.87 0.007160331352562838
2.88 0.007042486562764335
2.89 0.006928643612131574
2.9000000000000004 0.006818623185834575
2.91 0.006712255864789347
2.92 0.006609381484244709
2.9299999999999997 0.0065098485397406414
2.94 0.006413513636535446
2.95 0.0063202409789523935
2.96 0.0062299018964145445
2.9699999999999998 0.006142374403224065
2.98 0.006057542789401642
2.99 0.005975297240136774
3 0.005895533481611674
