1 0
1.01 0
1.02 0
1.03 0
1.04 0
1.05 0
1.06 0
1.07 0
1.08 3.150626650708483e-11
1.09 1.3311318701418271e-09
1.1 6.116775729691489e-09
1.11 1.664651296694848e-08
1.12 3.5561186399407384e-08
1.13 6.600961026425957e-08
1.1400000000000001 1.1174693733295678e-07
1.15 1.772341525884126e-07
1.16 2.6774627290576264e-07
1.17 3.894930655679908e-07
1.18 5.497551663833751e-07
1.19 7.570383349389072e-07
1.2 1.021248742282529e-06
1.21 1.3538924997925857e-06
1.22 1.7683030605647363e-06
1.23 2.2799006443272145e-06
1.24 2.9064884563034513e-06
1.25 3.668591199889061e-06
1.26 4.589842238046649e-06
1.27 5.697426759024628e-06
1.28 7.022589473053741e-06
1.29 8.601216737854787e-06
1.3 1.0474504617802091e-05
1.31 1.2689726267104717e-05
1.32 1.5301114242411458e-05
1.33 1.837087595579264e-05
1.34 2.197036354812347e-05
1.35 2.6181423082959917e-05
1.3599999999999999 3.109795223705248e-05
1.37 3.682770072180367e-05
1.38 4.3494353662036865e-05
1.3900000000000001 5.1239945267262666e-05
1.4 6.022765857684744e-05
1.4100000000000001 7.06450771107109e-05
1.42 8.270796623386365e-05
1.43 9.666467633697664e-05
1.44 0.00011280127701995788
1.45 0.00013144755191661056
1.46 0.00015298400831507248
1.47 0.0001778500851618257
1.48 0.00020655377842273567
1.49 0.00023968294537559908
1.5 0.00027791860076462613
1.51 0.00032205057973604416
1.52 0.00037299601738620376
1.53 0.00043182118538229554
1.54 0.0004997673358651424
1.55 0.000578281335857152
1.56 0.0006690520367117409
1.57 0.0007740535188573543
1.58 0.0008955965895834249
1.5899999999999999 0.00103639019975442
1.6 0.0011996147947171203
1.6099999999999999 0.0013890100378411317
1.62 0.0016089798568122385
1.63 0.0018647183799432243
1.6400000000000001 0.0021623610715066914
1.65 0.0025091662622971317
1.6600000000000001 0.0029137333259184692
1.67 0.0033862649930998523
1.6800000000000002 0.003938882741497177
1.69 0.004586005852390024
1.7000000000000002 0.0053448065741817825
1.71 0.0062357558269561025
1.72 0.007283275916689899
1.73 0.008516518604742562
1.74 0.009970288258311779
1.75 0.011686130135068765
1.76 0.013713602254512937
1.77 0.0161117444414569
1.78 0.018950748005569198
1.79 0.02231381127705993
1.8 0.026299135848799234
1.81 0.03102197051363876
1.82 0.03661653772700213
1.83 0.04323757302765942
1.8399999999999999 0.051061063228708584
1.85 0.06028357883882706
1.8599999999999999 0.07111936191164729
1.87 0.0837940696997673
1.88 0.09853383222404548
1.8900000000000001 0.11554814653260452
1.9 0.13500524818520335
1.9100000000000001 0.15699917841826816
1.92 0.18150904416618371
1.9300000000000002 0.20835313861436477
1.94 0.23714363483418568
1.9500000000000002 0.26725103976871945
1.96 0.2977904411257672
1.97 0.3276421528757862
1.98 0.35551591368453567
1.99 0.38005943779546053
2 0.4000000000000005
2.01 0.4142955064493182
2.02 0.4222643181907679
2.0300000000000002 0.42366511078511343
2.04 0.418709755106449
2.05 0.40800954277157364
2.06 0.39247137254233183
2.0700000000000003 0.37316996772372496
2.08 0.35122265565960004
2.09 0.32768653539793746
2.1 0.3034880035112175
2.1100000000000003 0.27938546781690304
2.12 0.25595991009835667
2.13 0.23362521037374048
2.14 0.2126500777375096
2.1500000000000004 0.19318490303799501
2.16 0.175288852058489
2.17 0.15895440653604412
2.1799999999999997 0.1441280334157166
2.19 0.1307266596203072
2.2 0.11865021590744901
2.21 0.10779079802613632
2.2199999999999998 0.09803908221807825
2.23 0.0892886086654414
2.24 0.08143846861944612
2.25 0.07439483467219161
2.26 0.068071679029436
2.27 0.062390941301661916
2.2800000000000002 0.057282338575370254
2.29 0.052682956276786444
2.3 0.04853671692232154
2.31 0.044793793041863345
2.3200000000000003 0.041410008142915955
2.33 0.03834625359223812
2.34 0.03556793810421117
2.35 0.03304447885829958
2.3600000000000003 0.030748838137525113
2.37 0.028657106048471617
2.38 0.026748127808417742
2.39 0.025003172873556998
2.4000000000000004 0.023405642552734987
2.41 0.021940812505076516
2.42 0.020595606518747173
2.4299999999999997 0.019358398116472133
2.44 0.018218836766638852
2.45 0.01716769575375668
2.46 0.016196739050741465
2.4699999999999998 0.01529860482034677
2.48 0.014466703443563609
2.49 0.013695128223208689
2.5 0.012978577138601084
2.51 0.01231228423157697
2.52 0.011691959385746532
2.5300000000000002 0.011113735421209534
2.54 0.010574121567649234
2.55 0.010069962501703972
2.56 0.009598402241662909
2.5700000000000003 0.009156852285668867
2.58 0.008742963460426105
2.59 0.00835460101745284
2.6 0.007989822574571205
2.6100000000000003 0.007646858552828793
2.62 0.007324094804479404
2.63 0.007020057166973078
2.64 0.0067333977119444915
2.6500000000000004 0.006462882487666625
2.66 0.006207380578977864
2.67 0.005965854330836281
2.6799999999999997 0.0057373506008681725
2.69 0.005520992922963228
2.7 0.00531597447846927
2.71 0.00512155178415444
2.7199999999999998 0.0049370390170895275
2.73 0.0047618029061777985
2.74 0.004595258128414516
2.75 0.0044368631552558525
2.76 0.004286116500858698
2.77 0.004142553329538931
2.7800000000000002 0.00400574238469137
2.79 0.0038752832057099263
2.8 0.0037508036032189835
2.81 0.00363195736624437
2.8200000000000003 0.003518422177872361
2.83 0.0034098977185187157
2.84 0.0033061039382002227
2.85 0.0032067794812067527
2.8600000000000003 0.003111680248344854
2.87 0.003020578083493651
2.88 0.002933259572604636
2.89 0.002849524944511101
2.9000000000000004 0.002769187064008199
2.91 0.0026920705086394404
2.92 0.002618010721491507
2.9299999999999997 0.002546853233072397
2.94 0.0024784529460358607
2.95 0.002412673477130358
2.96 0.0023493865512997903
2.9699999999999998 0.0022884714433548154
2.98 0.0022298144630732903
2.99 0.0021733084799828947
3 0.0021188524844322457
