1 0
1.01 0
1.02 0
1.03 0
1.04 0
1.05 0
1.06 0
1.07 0
1.08 4.804578845901525e-15
1.09 9.313146397416637e-13
1.1 8.080826380636075e-12
1.11 3.366391594426497e-11
1.12 9.988902673365609e-11
1.13 2.4338383211531e-10
1.1400000000000001 5.210919203399274e-10
1.15 1.017996201922133e-09
1.16 1.8571237393231636e-09
1.17 3.2123967842103865e-09
1.18 5.3250256053139336e-09
1.19 8.524297196478667e-09
1.2 1.3253806969681154e-08
1.21 2.0104415929199573e-08
1.22 2.985550308302962e-08
1.23 4.3526433561975045e-08
1.24 6.244059128561722e-08
1.25 8.830484847754624e-08
1.26 1.233079843400704e-07
1.27 1.7024234816704992e-07
1.28 2.3265402067336436e-07
1.29 3.150279015590029e-07
1.3 4.2301559100231545e-07
1.31 5.637156993927073e-07
1.32 7.460183893753192e-07
1.33 9.810286217368312e-07
1.34 1.282585859266591e-06
1.35 1.6679020265782193e-06
1.3599999999999999 2.15834451093438e-06
1.37 2.7803971463000315e-06
1.38 3.5668397335006625e-06
1.3900000000000001 4.558196067722251e-06
1.4 5.804512114068847e-06
1.4100000000000001 7.3675404481758e-06
1.42 9.323425059097226e-06
1.43 1.1766002971375323e-05
1.44 1.4810866982908082e-05
1.45 1.860036851955924e-05
1.46 2.3309782919442022e-05
1.47 2.9154913574870423e-05
1.48 3.64014790439658e-05
1.49 4.537671198135858e-05
1.5 5.648370491670879e-05
1.51 7.021917105340648e-05
1.52 8.719545530873281e-05
1.53 0.00010816784047803952
1.54 0.0001340684565722103
1.55 0.00016604843162709896
1.56 0.00020553033645362244
1.57 0.00025427349462825194
1.58 0.0003144553778321994
1.5899999999999999 0.000388773115956496
1.6 0.00048057015737908935
1.6099999999999999 0.0005939943593521031
1.62 0.0007341953182535436
1.63 0.0009075706138678087
1.6400000000000001 0.001122072887869639
1.65 0.0013875923398979232
1.6600000000000001 0.0017164323133839377
1.67 0.0021238991124608833
1.6800000000000002 0.0026290308999746144
1.69 0.0032554941729184307
1.7000000000000002 0.004032679334172035
1.71 0.0049970283142780295
1.72 0.006193625477483086
1.73 0.007678075737682637
1.74 0.00951867728393331
1.75 0.011798865400620216
1.76 0.014619851576302407
1.77 0.018103299636252276
1.78 0.022393758102343092
1.79 0.02766039637106084
1.8 0.03409736773329467
1.81 0.04192185353792809
1.82 0.05136856295525308
1.83 0.06267924395261792
1.8399999999999999 0.07608572857174024
1.85 0.09178537134094925
1.8599999999999999 0.10990865793546083
1.87 0.13048043554423283
1.88 0.15337864583612554
1.8900000000000001 0.17829727823076216
1.9 0.20472268436735258
1.9100000000000001 0.23193317505396563
1.92 0.2590297160845745
1.93 0.285
1.9300000000000002 0.28500000000000075
1.94 0.3088100498002825
1.9500000000000002 0.32950922984134795
1.96 0.3463293066612697
1.97 0.35875846884382695
1.98 0.366577252342317
1.99 0.36985292253712004
2 0.36889846830480316
2.01 0.36420882542193417
2.02 0.35638887912169886
2.0300000000000002 0.3460857531952864
2.04 0.3339336054079609
2.05 0.32051448365974144
2.06 0.3063350467732479
2.0700000000000003 0.2918166376572346
2.08 0.27729523461995886
2.09 0.26302781764549
2.1 0.24920223816383538
2.1100000000000003 0.23594842773151276
2.12 0.22334950511093837
2.13 0.21145193649578764
2.14 0.2002743405079932
2.1500000000000004 0.18981482067098362
2.16 0.18005688328504818
2.17 0.17097409061524993
2.1799999999999997 0.16253363631651965
2.19 0.15469903369094357
2.2 0.14743209286501427
2.21 0.14069434017845456
2.2199999999999998 0.13444800798808398
2.23 0.1286566990420043
2.24 0.12328580818900967
2.25 0.11830276603782176
2.26 0.11367715427137874
2.27 0.10938073036122414
2.2800000000000002 0.10538739000490172
2.29 0.10167308829276994
2.3 0.09821573499643411
2.31 0.0949950751069116
2.3200000000000003 0.09199256254178118
2.33 0.08919123254685216
2.34 0.0865755765478618
2.35 0.08413142191099716
2.3600000000000003 0.08184581813093161
2.37 0.07970693029184274
2.38 0.07770394017207394
2.39 0.07582695503481685
2.4000000000000004 0.07406692392634906
2.41 0.0724155611605897
2.42 0.07086527658222637
2.4299999999999997 0.06940911215411644
2.44 0.06804068439613663
2.45 0.06675413220332267
2.46 0.06554406958458828
2.4699999999999998 0.06440554288490975
2.48 0.06333399208027686
2.49 0.06232521576358347
2.5 0.06137533946935671
2.51 0.06048078701464008
2.52 0.05963825456178228
2.5300000000000002 0.05884468713581974
2.54 0.05809725735436838
2.55 0.057393346151293385
2.56 0.056730525296898676
2.5700000000000003 0.056106541536993584
2.58 0.05551930219102822
2.59 0.0549668620656469
2.6 0.054447411554598625
2.6100000000000003 0.05395926580909299
2.62 0.05350085487451208
2.63 0.05307071470000843
2.64 0.05266747893704277
2.6500000000000004 0.05228987145145855
2.66 0.05193669948133299
2.67 0.05160684737969871
2.6799999999999997 0.051299270887360714
2.69 0.05101299188652407
2.7 0.05074709359086247
2.71 0.050500716132060114
2.7199999999999998 0.05027305250680283
2.73 0.05006334485172191
2.74 0.04987088101696769
2.75 0.04969499141192126
2.76 0.04953504609910514
2.77 0.049390452114637697
2.7800000000000002 0.04926065099563067
2.79 0.04914511649677371
2.8 0.049043352480010766
2.81 0.04895489096270626
2.8200000000000003 0.048879290311042496
2.83 0.04881613356660569
2.84 0.04876502689520289
2.85 0.04872559814794828
2.8600000000000003 0.04869749552553868
2.87 0.04868038633744844
2.88 0.04867395584849737
2.89 0.048677906205908665
2.9000000000000004 0.048691955440563484
2.91 0.04871583653670702
2.92 0.04874929656484286
2.9299999999999997 0.048792095873004634
2.94 0.04884400733199227
2.95 0.048904815630531326
2.96 0.04897431661664496
2.9699999999999998 0.04905231668183479
2.98 0.049138632184941036
2.99 0.049233088912807914
3 0.04933552157510685
